9640 300 50 965

4.271126e+07 2.536864e+06 2.266081e+06 1.762003e+05 1.522929e+05 1.418966e+05 1.216012e+05 5.317910e+04 4.117687e+04 2.122063e+04 1.778771e+04 1.384399e+04 1.183899e+04 8.851928e+03 5.444708e+03 2.704069e+03 2.078778e+03 1.975922e+03 1.645641e+03 1.610364e+03 1.122310e+03 6.983721e+02 3.353088e+02 3.186778e+02 2.728742e+02 1.994740e+02 1.667328e+02 9.735379e+01 7.569794e+01 6.654440e+01 4.650080e+01 2.471895e+01 1.992226e+01 1.611068e+01 1.408641e+01 1.311052e+01 1.073835e+01 6.686569e+00 4.311766e+00 3.475659e+00 2.894729e+00 2.417705e+00 2.295200e+00 1.471418e+00 5.382549e-01 3.841020e-01 2.916873e-01 2.652542e-01 2.353972e-01 2.242182e-01 
1.986189e+03 6.026182e+02 5.558778e+02 1.469700e+02 1.326870e+02 5.096302e+01 3.864575e+01 1.772393e+01 1.390873e+01 1.284908e+01 1.143356e+01 9.435237e+00 9.105145e+00 8.539783e+00 8.091708e+00 7.563814e+00 7.408907e+00 6.677410e+00 6.477094e+00 6.144268e+00 5.577316e+00 5.397801e+00 4.274226e+00 3.721645e+00 3.545761e+00 3.166583e+00 2.876564e+00 2.563030e+00 2.466125e+00 2.109000e+00 1.839334e+00 1.475989e+00 1.424963e+00 1.398616e+00 1.290462e+00 1.237751e+00 1.166336e+00 1.105296e+00 1.028304e+00 1.019064e+00 1.018042e+00 9.313118e-01 9.224578e-01 8.435316e-01 7.875792e-01 7.608354e-01 7.430686e-01 7.309077e-01 7.274743e-01 6.691121e-01 6.546482e-01 6.472945e-01 6.332425e-01 5.904271e-01 5.704577e-01 5.522197e-01 5.308941e-01 5.063227e-01 4.859105e-01 4.696721e-01 4.647542e-01 4.549510e-01 4.488835e-01 4.426568e-01 4.338706e-01 4.154736e-01 3.863157e-01 3.641836e-01 3.581169e-01 3.232932e-01 3.197466e-01 2.996068e-01 2.761758e-01 2.595341e-01 2.440400e-01 2.409128e-01 2.147161e-01 2.121475e-01 2.006601e-01 1.848486e-01 1.773629e-01 1.678340e-01 1.567554e-01 1.532080e-01 1.453091e-01 1.421858e-01 1.404845e-01 1.343975e-01 1.340324e-01 1.320118e-01 1.302154e-01 1.244101e-01 1.163460e-01 1.157451e-01 1.137211e-01 1.130937e-01 1.104774e-01 1.044288e-01 1.023217e-01 1.020810e-01 9.436193e-02 9.126163e-02 8.200256e-02 8.160179e-02 7.960221e-02 7.745629e-02 7.219732e-02 7.079038e-02 6.955007e-02 6.575110e-02 6.475889e-02 6.435167e-02 6.260797e-02 6.018010e-02 5.840065e-02 5.783093e-02 5.688610e-02 5.415915e-02 5.329367e-02 5.241956e-02 5.011792e-02 4.915352e-02 4.865626e-02 4.718677e-02 4.584048e-02 4.248229e-02 4.039379e-02 3.903715e-02 3.777156e-02 3.620566e-02 3.378835e-02 3.312457e-02 3.128542e-02 2.986632e-02 2.893874e-02 2.883103e-02 2.861868e-02 2.726771e-02 2.655829e-02 2.634290e-02 2.544432e-02 2.455243e-02 2.337116e-02 2.260978e-02 2.150015e-02 2.123282e-02 2.068586e-02 2.021302e-02 1.993937e-02 1.961452e-02 1.878247e-02 1.775159e-02 1.690933e-02 1.662359e-02 1.648368e-02 1.582303e-02 1.532040e-02 1.511220e-02 1.482631e-02 1.427651e-02 1.378080e-02 1.337035e-02 1.322717e-02 1.211750e-02 1.177739e-02 1.151900e-02 1.094531e-02 1.082035e-02 1.030075e-02 1.024693e-02 9.608792e-03 9.299372e-03 9.067613e-03 8.982093e-03 8.924478e-03 8.620955e-03 8.494034e-03 8.217200e-03 8.106091e-03 8.023894e-03 7.690014e-03 7.596940e-03 7.290549e-03 7.082091e-03 7.011549e-03 6.773458e-03 6.414283e-03 6.114226e-03 5.984486e-03 5.714245e-03 5.545420e-03 5.461218e-03 5.373346e-03 5.316707e-03 5.133360e-03 5.126074e-03 4.949916e-03 4.879930e-03 4.753721e-03 4.574632e-03 4.330370e-03 4.310196e-03 4.277071e-03 4.209150e-03 4.105087e-03 3.953398e-03 3.871302e-03 3.744904e-03 3.653947e-03 3.566333e-03 3.527961e-03 3.429505e-03 3.322570e-03 3.210705e-03 3.110095e-03 3.021934e-03 3.009937e-03 3.005390e-03 2.897255e-03 2.851671e-03 2.772090e-03 2.713570e-03 2.648113e-03 2.604669e-03 2.523932e-03 2.447933e-03 2.393631e-03 2.214355e-03 2.193181e-03 2.113378e-03 2.105868e-03 1.978485e-03 1.955791e-03 1.870607e-03 1.837140e-03 1.817578e-03 1.739388e-03 1.711008e-03 1.665588e-03 1.596331e-03 1.563920e-03 1.526725e-03 1.510001e-03 1.471986e-03 1.451792e-03 1.393904e-03 1.293616e-03 1.262183e-03 1.235369e-03 1.222683e-03 1.169424e-03 1.143441e-03 1.106811e-03 1.089433e-03 1.073816e-03 1.051993e-03 1.046682e-03 1.039038e-03 1.015127e-03 9.977664e-04 9.560741e-04 9.521615e-04 9.365840e-04 9.120299e-04 8.978190e-04 8.734260e-04 8.510990e-04 8.387462e-04 7.952930e-04 7.937695e-04 7.647822e-04 7.467522e-04 7.330726e-04 6.971098e-04 6.888088e-04 6.823808e-04 6.536653e-04 6.412439e-04 6.350955e-04 6.189489e-04 6.063261e-04 5.994199e-04 5.926116e-04 5.703480e-04 5.575928e-04 5.403854e-04 5.278977e-04 5.194173e-04 5.101661e-04 4.934608e-04 4.776844e-04 4.688167e-04 4.632103e-04 4.538624e-04 4.421483e-04 4.388187e-04 4.310857e-04 4.212204e-04 4.057704e-04 3.997375e-04 

3731 970 2708 1030 452 2410 986 5971 3930 3706 3973 4024 1006 827 412 707 4013 6030 4026 3827 739 1026 4237 3950 3857 4010 3696 2428 3772 6010 3988 570 2467 3785 5772 4219 1012 5652 3943 626 6012 4235 5665 428 3776 788 2453 5669 2429 2730 3908 2469 826 3946 4211 4203 3861 509 5986 3909 1018 4215 5785 3899 5749 3972 5670 2491 961 490 3710 995 466 2534 3665 745 4016 993 5707 5710 4011 5943 1008 984 4029 1036 5610 1038 772 4012 963 3670 3669 5650 3668 3865 3982 2770 429 2811 530 3811 3971 747 5651 2772 5789 6011 3989 819 5653 2709 469 828 3691 6029 784 533 2468 4223 731 2776 5970 5733 2740 2490 3931 1024 2786 3650 3949 583 5909 2695 549 2450 4231 2788 6013 2829 2810 749 4164 770 4221 748 3651 2692 1016 774 3933 5691 701 3652 732 2508 4207 531 4209 976 1034 5949 547 2412 2539 4021 5930 664 3892 576 3990 4027 5750 3741 3974 5990 588 5989 708 2620 2411 1002 3789 5658 5668 3948 2616 4227 974 611 968 5690 2459 5692 3854 629 2570 811 787 789 3869 491 4175 981 2531 5932 3932 771 656 2749 540 2451 411 709 5709 620 780 5731 743 999 4239 972 730 650 812 495 690 427 4217 4170 1032 507 2507 2627 2625 2530 691 1010 693 4229 4193 3978 3852 2425 1004 4030 1028 5732 810 3749 4188 2509 979 4201 2827 450 1014 3890 735 2571 457 7650 4225 451 966 815 4213 410 462 830 4018 823 997 3748 4028 991 4014 2731 829 1000 3733 4233 989 2503 3985 3970 5972 6070 468 1020 3690 613 2629 5811 2611 1022 777 2789 3936 668 
370 371 372 387 388 389 409 410 411 412 417 422 424 425 426 427 428 429 430 449 450 451 452 455 456 457 462 464 465 466 467 468 469 470 489 490 491 492 493 495 496 497 500 501 502 505 506 507 508 509 510 530 531 532 533 535 536 540 541 543 544 545 547 548 549 570 571 572 573 575 576 580 583 584 585 586 587 588 589 610 611 612 613 614 616 617 620 621 623 624 625 626 627 628 629 649 650 651 652 653 654 656 657 658 659 660 661 664 665 666 667 668 669 689 690 691 692 693 695 696 698 699 701 702 703 704 705 706 707 708 709 710 729 730 731 732 733 734 735 736 737 738 739 740 741 742 743 744 745 746 747 748 749 750 769 770 771 772 773 774 775 776 777 778 779 780 781 782 783 784 785 786 787 788 789 790 809 810 811 812 813 814 815 816 817 818 819 820 821 823 824 825 826 827 828 829 830 850 851 852 855 859 863 866 867 868 869 870 921 923 924 926 928 929 930 932 934 935 936 939 941 944 946 947 948 949 951 952 953 955 957 959 960 961 962 963 964 965 966 967 968 969 970 971 972 973 974 975 976 977 978 979 980 981 982 983 984 985 986 987 988 989 990 991 992 993 994 995 996 997 998 999 1000 1001 1002 1003 1004 1005 1006 1007 1008 1009 1010 1011 1012 1013 1014 1015 1016 1017 1018 1019 1020 1021 1022 1023 1024 1025 1026 1027 1028 1029 1030 1031 1032 1033 1034 1035 1036 1037 1038 1039 1040 1042 1044 1046 1048 1050 1052 1054 1056 1058 1060 1062 1064 1066 1068 1070 1072 1074 1076 1078 2369 2370 2371 2372 2385 2388 2389 2409 2410 2411 2412 2413 2417 2418 2419 2424 2425 2427 2428 2429 2430 2449 2450 2451 2452 2453 2457 2458 2459 2463 2464 2465 2466 2467 2468 2469 2470 2489 2490 2491 2492 2493 2494 2499 2503 2506 2507 2508 2509 2510 2530 2531 2532 2533 2534 2539 2543 2544 2545 2547 2548 2549 2550 2570 2571 2572 2574 2576 2579 2580 2584 2585 2587 2588 2589 2610 2611 2616 2620 2625 2627 2629 2651 2652 2655 2656 2660 2665 2667 2668 2669 2689 2690 2691 2692 2695 2700 2702 2703 2708 2709 2729 2730 2731 2732 2735 2736 2740 2742 2743 2745 2746 2748 2749 2750 2769 2770 2771 2772 2773 2776 2780 2785 2786 2787 2788 2789 2790 2809 2810 2811 2812 2813 2816 2826 2827 2828 2829 2830 2850 2851 2867 2869 2870 3610 3611 3612 3613 3627 3628 3629 3630 3649 3650 3651 3652 3653 3657 3658 3662 3663 3664 3665 3666 3667 3668 3669 3670 3671 3689 3690 3691 3692 3693 3695 3696 3697 3698 3702 3703 3705 3706 3707 3708 3709 3710 3711 3730 3731 3732 3733 3734 3735 3736 3740 3741 3742 3747 3748 3749 3750 3770 3771 3772 3773 3774 3775 3776 3777 3780 3781 3783 3784 3785 3786 3787 3788 3789 3790 3810 3811 3812 3813 3814 3816 3817 3820 3821 3823 3824 3826 3827 3828 3829 3830 3850 3851 3852 3853 3854 3855 3856 3857 3858 3860 3861 3862 3864 3865 3866 3867 3868 3869 3870 3889 3890 3891 3892 3893 3894 3896 3897 3898 3899 3900 3901 3902 3904 3905 3907 3908 3909 3910 3929 3930 3931 3932 3933 3934 3935 3936 3937 3939 3940 3941 3942 3943 3944 3945 3946 3947 3948 3949 3950 3951 3969 3970 3971 3972 3973 3974 3975 3976 3977 3978 3979 3980 3981 3982 3983 3984 3985 3986 3987 3988 3989 3990 3991 4009 4010 4011 4012 4013 4014 4015 4016 4017 4018 4019 4020 4021 4022 4023 4024 4025 4026 4027 4028 4029 4030 4031 4050 4051 4052 4053 4055 4056 4059 4060 4063 4064 4066 4067 4068 4069 4070 4071 4160 4161 4162 4163 4164 4165 4166 4167 4168 4169 4170 4171 4172 4173 4174 4175 4176 4177 4179 4180 4181 4182 4184 4185 4186 4187 4188 4189 4190 4191 4192 4193 4194 4195 4196 4197 4198 4199 4200 4201 4202 4203 4204 4205 4206 4207 4208 4209 4210 4211 4212 4213 4214 4215 4216 4217 4218 4219 4220 4221 4222 4223 4224 4225 4226 4227 4228 4229 4230 4231 4232 4233 4234 4235 4236 4237 4238 4239 4240 4241 4242 4243 4244 4245 4246 4247 4248 4249 4250 4251 4252 4253 4254 4255 4256 4257 4258 4259 4260 4261 4262 4263 4264 4265 4266 4267 4268 4269 4270 4271 4272 4273 4274 4275 4276 4277 4278 4279 5609 5610 5611 5612 5613 5625 5626 5628 5629 5630 5649 5650 5651 5652 5653 5654 5657 5658 5659 5660 5664 5665 5666 5667 5668 5669 5670 5671 5689 5690 5691 5692 5693 5694 5699 5700 5703 5704 5706 5707 5708 5709 5710 5711 5730 5731 5732 5733 5734 5735 5739 5740 5743 5744 5747 5748 5749 5750 5751 5770 5771 5772 5773 5774 5775 5779 5780 5784 5785 5786 5788 5789 5790 5810 5811 5812 5816 5817 5820 5821 5825 5826 5827 5828 5829 5830 5851 5852 5856 5857 5860 5861 5865 5866 5867 5868 5869 5870 5892 5893 5895 5896 5908 5909 5910 5929 5930 5931 5932 5933 5935 5936 5940 5941 5942 5943 5944 5948 5949 5950 5969 5970 5971 5972 5973 5976 5977 5980 5981 5985 5986 5987 5988 5989 5990 5991 6009 6010 6011 6012 6013 6014 6016 6017 6026 6027 6028 6029 6030 6031 6050 6051 6052 6067 6068 6069 6070 6071 

-1.334889e-06 -4.579157e-08 8.293464e-09 -1.380105e-08 3.170799e-08 5.922680e-08 -3.388312e-08 3.040664e-07 6.824547e-07 8.971082e-08 4.614083e-08 6.496371e-08 -1.512013e-07 6.548213e-08 -1.701685e-07 -1.113087e-08 -1.571370e-08 -4.033247e-08 7.593204e-09 1.561150e-08 -1.424102e-08 5.286197e-08 -2.031303e-08 5.392834e-09 -9.451623e-09 -5.582094e-09 -8.517889e-10 5.079941e-09 -5.979326e-09 8.092071e-09 -2.152156e-08 2.015412e-08 -3.933346e-08 -7.472164e-08 -3.584917e-08 7.671143e-08 2.075325e-09 -4.517211e-08 -3.762221e-09 5.877870e-09 4.079315e-09 -2.110473e-09 4.013161e-09 -5.328937e-09 -4.220029e-08 1.371177e-08 -1.028767e-08 8.514411e-09 -2.435881e-08 -1.784913e-08 
-4.579157e-08 -2.846634e-06 2.492863e-07 3.398220e-08 -1.639254e-08 -1.772715e-09 -4.366206e-09 -1.226056e-07 -2.173721e-07 -2.314212e-08 -1.929361e-08 -2.429469e-08 7.746293e-08 -1.125600e-08 3.890662e-08 -6.982752e-09 -2.372425e-07 -1.002910e-07 8.887617e-08 2.720726e-08 1.087250e-07 5.010327e-08 1.142857e-09 1.463731e-08 2.427774e-08 -8.562892e-09 6.826207e-09 -1.952377e-09 -1.076496e-09 -3.486750e-09 2.008108e-08 -9.123908e-09 1.749964e-08 5.264610e-08 3.076860e-08 -4.267640e-08 -7.424960e-11 -5.337528e-08 -1.242261e-07 -1.508321e-07 -3.044791e-07 3.310245e-07 -1.734198e-07 1.129467e-07 4.375866e-08 -7.495931e-08 -3.594168e-08 -2.673776e-08 -2.384261e-08 2.498619e-08 
8.293464e-09 2.492863e-07 -1.435826e-06 1.433920e-07 1.476697e-08 6.366942e-08 -7.220182e-08 -3.415139e-08 4.880176e-08 2.497853e-08 2.611368e-08 4.103027e-08 4.039671e-08 1.101867e-07 6.480917e-08 -9.117905e-08 -1.455783e-06 -3.027441e-07 3.210653e-07 -3.176399e-07 4.185012e-07 2.095961e-07 5.235773e-08 9.502111e-08 1.694827e-07 -6.201243e-08 -3.453413e-09 6.681076e-09 9.148045e-09 9.987662e-08 2.668612e-08 -1.470846e-08 2.400534e-09 -2.743961e-08 8.556535e-09 9.653480e-10 1.954038e-08 1.131218e-09 -2.508920e-08 2.433176e-08 4.236561e-08 -1.705264e-07 -6.900550e-08 2.244288e-07 -3.072873e-08 2.932778e-08 -1.535557e-08 -3.346977e-08 3.324078e-10 -3.648368e-08 
-1.380105e-08 3.398220e-08 1.433920e-07 -2.186318e-06 4.750503e-08 2.040231e-07 -1.458341e-07 -6.924301e-08 -7.300484e-08 9.723889e-09 1.819890e-09 3.780212e-08 -5.411324e-08 5.725551e-08 -2.519076e-08 -1.297605e-08 -1.426734e-07 -1.794547e-08 4.022079e-09 -4.690013e-08 4.438065e-09 1.930454e-08 2.779381e-08 1.684536e-08 1.132994e-07 1.534028e-08 7.752508e-08 1.094990e-07 1.609775e-07 -1.008952e-06 -3.025116e-07 1.584083e-07 -2.775639e-07 1.421770e-07 -4.426069e-07 -2.924097e-07 -1.022288e-07 -9.733458e-08 1.048279e-07 4.521998e-08 2.545773e-08 9.781736e-08 3.226411e-08 -1.069874e-07 1.707362e-08 -1.188385e-08 -1.208234e-08 1.349241e-09 2.871851e-09 1.409223e-08 
3.170799e-08 -1.639254e-08 1.476697e-08 4.750503e-08 -2.549881e-06 2.905668e-07 7.618033e-08 2.790596e-07 -8.199546e-09 -7.633498e-08 -5.005467e-09 -2.097670e-08 3.216487e-08 2.385145e-08 2.835694e-08 -3.662487e-09 -3.132770e-08 4.598472e-08 -2.305764e-08 -6.804021e-08 -2.740942e-08 -8.037772e-09 -9.241256e-09 3.461845e-09 -1.618950e-09 -2.027234e-08 -4.970717e-08 -3.124768e-08 3.108842e-07 -9.745972e-08 -2.451869e-08 1.805436e-07 2.116547e-07 4.004301e-07 -1.980149e-07 4.523033e-07 2.236032e-07 1.145885e-07 3.352623e-08 -6.228720e-08 -3.666547e-08 5.864870e-08 -1.587847e-08 1.851707e-08 2.188109e-08 -1.352682e-08 -2.058874e-10 -1.128695e-08 3.589587e-09 -1.039934e-08 
5.922680e-08 -1.772715e-09 6.366942e-08 2.040231e-07 2.905668e-07 -2.090470e-06 -7.438394e-09 9.778009e-07 -2.558778e-07 -2.468170e-07 4.361315e-08 -2.886573e-08 -3.971343e-09 1.436921e-07 4.752535e-08 -2.571510e-08 -4.849571e-08 -5.643764e-08 8.846369e-08 1.112011e-07 6.008885e-08 4.885539e-08 3.714900e-08 1.428256e-08 5.589899e-08 3.040879e-08 1.051274e-07 2.423245e-08 -3.127534e-07 -4.206887e-07 -8.596762e-08 1.128298e-07 1.108026e-07 1.992823e-07 -4.689989e-08 1.883916e-07 1.263338e-07 1.181782e-08 5.484360e-08 1.381316e-08 1.958437e-08 -1.710213e-08 3.904518e-08 -4.277250e-08 -2.363348e-08 4.682165e-08 1.068952e-08 8.770434e-09 1.732832e-08 -2.165266e-08 
-3.388312e-08 -4.366206e-09 -7.220182e-08 -1.458341e-07 7.618033e-08 -7.438394e-09 -2.299344e-06 1.126385e-07 -1.857178e-07 -4.215732e-08 -3.158323e-09 3.328214e-08 -6.828630e-08 6.865713e-08 -2.109582e-08 -1.207147e-08 5.543496e-08 6.482682e-10 1.303661e-08 3.123959e-08 -8.959630e-09 -8.043608e-09 -1.930815e-08 -1.552990e-08 -5.503125e-08 7.747370e-10 -2.441271e-08 -9.770174e-08 -1.153334e-07 7.433233e-07 1.310361e-07 5.514247e-08 -1.920539e-07 4.444503e-07 -6.789575e-07 -3.966018e-08 -1.271149e-07 -3.005075e-08 1.475487e-07 2.286601e-08 -1.274996e-08 -4.084890e-08 -9.726757e-08 7.187388e-08 -1.065061e-08 1.195269e-08 -2.740469e-09 -1.268239e-08 1.435382e-09 -1.732934e-08 
3.040664e-07 -1.226056e-07 -3.415139e-08 -6.924301e-08 2.790596e-07 9.778009e-07 1.126385e-07 -7.348626e-07 1.688423e-07 -3.493018e-07 3.942375e-08 -8.697258e-08 5.393378e-08 1.968480e-07 1.564630e-08 -2.171153e-08 2.555003e-08 5.843362e-08 1.073555e-08 -1.651535e-08 -3.254157e-08 -1.573505e-08 -1.415046e-08 3.517850e-09 -1.637835e-08 -2.065909e-08 -3.956085e-08 -7.504350e-09 1.095730e-07 2.045127e-07 4.681873e-08 -1.002667e-07 -8.124174e-08 -1.884897e-07 9.985039e-08 -1.836405e-07 -9.951080e-08 -2.233649e-08 -3.835438e-08 -5.155439e-08 2.361403e-08 6.165257e-09 -3.099347e-08 1.866685e-08 2.042591e-08 -2.258206e-08 -5.539598e-09 -1.471707e-08 3.636993e-09 2.180067e-08 
6.824547e-07 -2.173721e-07 4.880176e-08 -7.300484e-08 -8.199546e-09 -2.558778e-07 -1.857178e-07 1.688423e-07 -3.045555e-07 3.185922e-07 1.016028e-07 3.445295e-08 -5.993461e-08 -2.733819e-07 1.899014e-09 4.173197e-08 -8.097902e-09 -9.292736e-09 -1.066386e-08 7.469254e-10 5.911041e-08 -1.468938e-08 7.214106e-10 -9.364242e-09 1.711076e-09 2.991231e-09 1.238809e-08 2.614322e-09 -4.326212e-08 -3.830707e-08 -1.625533e-08 2.317538e-08 -4.380280e-09 8.986185e-08 -8.107122e-08 5.377523e-09 9.337110e-09 2.612927e-08 1.258833e-08 8.138103e-09 -1.535379e-09 9.728721e-09 -1.680904e-09 2.568694e-09 2.234511e-08 -5.696479e-09 8.924891e-09 8.147545e-09 2.454644e-09 -9.149196e-09 
8.971082e-08 -2.314212e-08 2.497853e-08 9.723889e-09 -7.633498e-08 -2.468170e-07 -4.215732e-08 -3.493018e-07 3.185922e-07 -2.269605e-06 1.129996e-07 8.500633e-08 -2.086455e-07 9.082260e-08 -2.590927e-07 -1.312480e-08 -1.639020e-08 -4.732510e-08 -1.038344e-08 -2.190146e-08 -3.906497e-08 -1.460833e-10 -4.494810e-09 3.194695e-09 4.934809e-09 -4.631190e-09 -2.547828e-09 2.352929e-08 -2.258121e-08 -2.543209e-08 -1.069394e-08 4.880507e-08 -1.716524e-08 7.977099e-08 -9.865827e-08 -1.761926e-10 -6.263616e-08 5.775607e-08 -4.487144e-07 2.547570e-08 1.026604e-07 3.054199e-08 1.545865e-07 3.346679e-09 -1.825181e-08 2.706799e-08 -2.013432e-08 -3.673059e-08 3.527798e-08 5.244221e-08 
4.614083e-08 -1.929361e-08 2.611368e-08 1.819890e-09 -5.005467e-09 4.361315e-08 -3.158323e-09 3.942375e-08 1.016028e-07 1.129996e-07 -2.185460e-06 2.661721e-07 -5.172276e-07 1.832243e-07 5.540571e-07 -8.335301e-08 3.076921e-08 4.259381e-08 6.508811e-08 9.103980e-08 8.001366e-08 2.582732e-08 1.978187e-08 -3.628502e-09 -1.322545e-08 4.724561e-08 1.080102e-08 -5.061139e-08 3.104100e-08 9.551076e-10 -5.958974e-09 1.521582e-08 4.660731e-08 -4.277811e-08 -7.044015e-09 8.143857e-10 2.091585e-08 1.392248e-07 -1.400568e-07 5.815185e-07 -3.442552e-07 1.712170e-09 1.617006e-07 3.316172e-08 -4.376161e-08 -3.100981e-09 5.682543e-10 2.022755e-08 -1.434577e-08 2.945946e-08 
6.496371e-08 -2.429469e-08 4.103027e-08 3.780212e-08 -2.097670e-08 -2.886573e-08 3.328214e-08 -8.697258e-08 3.445295e-08 8.500633e-08 2.661721e-07 -2.012214e-06 -7.761990e-07 2.789475e-07 8.754358e-08 -8.964119e-08 -3.778509e-09 1.208704e-08 4.522028e-08 5.313112e-10 1.385157e-08 -2.274846e-08 7.807775e-10 2.160931e-09 -5.113742e-09 -4.802060e-10 7.831556e-09 -2.094202e-10 -5.146243e-09 -9.709771e-09 1.360672e-09 -3.107924e-08 -2.691618e-09 -1.387557e-08 5.562675e-08 1.712643e-08 3.826851e-08 -9.429415e-08 3.394440e-07 -3.148500e-07 1.115848e-07 -1.328311e-08 -1.750266e-07 -2.316248e-08 3.108917e-08 -2.051110e-08 -9.560014e-09 3.088972e-08 7.242999e-08 -2.531146e-08 
-1.512013e-07 7.746293e-08 4.039671e-08 -5.411324e-08 3.216487e-08 -3.971343e-09 -6.828630e-08 5.393378e-08 -5.993461e-08 -2.086455e-07 -5.172276e-07 -7.761990e-07 -9.376315e-07 -6.486398e-07 -1.018641e-07 1.886063e-07 -7.474640e-08 -5.297853e-08 -2.061245e-08 -2.456285e-08 5.352966e-08 -2.945252e-08 9.076431e-09 -9.039877e-09 -3.238325e-08 1.828000e-08 -7.241275e-10 1.370806e-09 -7.641889e-09 -4.483589e-09 -6.882955e-09 2.679137e-08 -7.794521e-09 2.983511e-08 -5.913132e-08 -1.315560e-08 -3.173787e-08 4.395360e-08 -2.220811e-07 1.505944e-07 -3.041414e-08 6.076526e-09 1.083724e-07 9.901012e-09 -1.420254e-08 -6.206975e-09 -8.918628e-09 4.344122e-08 2.278005e-08 2.848265e-09 
6.548213e-08 -1.125600e-08 1.101867e-07 5.725551e-08 2.385145e-08 1.436921e-07 6.865713e-08 1.968480e-07 -2.733819e-07 9.082260e-08 1.832243e-07 2.789475e-07 -6.486398e-07 -1.803367e-06 -5.664594e-07 -8.030962e-08 -9.328698e-08 -6.233833e-08 1.859030e-08 -9.228807e-08 -8.857274e-08 -1.296429e-07 -6.491686e-09 -5.960100e-09 -4.222064e-08 -1.277892e-08 -2.867611e-08 3.987868e-08 -1.342937e-08 4.851782e-08 3.998365e-09 3.176187e-08 -6.761071e-09 2.357040e-08 -4.491713e-08 -1.265124e-08 -7.487395e-08 1.064043e-07 -5.865719e-07 2.028772e-07 2.169019e-08 2.736920e-08 2.327722e-07 2.716474e-08 -1.732061e-08 -6.783453e-09 -2.859615e-08 2.357574e-08 4.129337e-08 1.942665e-08 
-1.701685e-07 3.890662e-08 6.480917e-08 -2.519076e-08 2.835694e-08 4.752535e-08 -2.109582e-08 1.564630e-08 1.899014e-09 -2.590927e-07 5.540571e-07 8.754358e-08 -1.018641e-07 -5.664594e-07 -4.569087e-07 -3.162193e-08 2.149346e-10 4.167550e-07 1.116072e-08 -7.532413e-08 2.643267e-07 1.164344e-10 5.081718e-09 -2.814556e-08 -3.589475e-09 3.175473e-08 6.041321e-08 -6.587102e-08 1.293620e-08 7.512231e-09 -1.918477e-10 1.642631e-08 -5.692911e-09 7.645149e-09 -5.270616e-08 -2.277591e-08 -4.993156e-08 -5.160646e-09 -2.225217e-07 -7.106303e-08 8.464155e-08 3.511539e-08 5.274327e-08 7.186870e-09 2.023008e-08 -1.086128e-08 3.013562e-08 4.789590e-08 -6.364332e-08 -2.661765e-08 
-1.113087e-08 -6.982752e-09 -9.117905e-08 -1.297605e-08 -3.662487e-09 -2.571510e-08 -1.207147e-08 -2.171153e-08 4.173197e-08 -1.312480e-08 -8.335301e-08 -8.964119e-08 1.886063e-07 -8.030962e-08 -3.162193e-08 -2.293616e-06 5.864601e-08 -6.742616e-08 1.877228e-08 4.568801e-08 1.200877e-08 -1.558141e-07 -6.108081e-09 -9.236883e-09 3.462466e-08 -4.594020e-08 -4.763901e-09 2.946576e-08 -1.574653e-09 -1.407701e-08 -4.576108e-09 -8.206712e-09 -1.072337e-08 1.324055e-08 -8.570677e-09 4.309042e-09 7.584654e-09 2.630615e-09 3.240503e-08 1.160438e-08 -1.697644e-08 -3.469593e-09 -1.178783e-08 -8.083786e-09 -3.683658e-08 -7.259271e-09 -9.684460e-08 -5.952991e-08 2.190237e-07 6.980686e-08 
-1.571370e-08 -2.372425e-07 -1.455783e-06 -1.426734e-07 -3.132770e-08 -4.849571e-08 5.543496e-08 2.555003e-08 -8.097902e-09 -1.639020e-08 3.076921e-08 -3.778509e-09 -7.474640e-08 -9.328698e-08 2.149346e-10 5.864601e-08 -1.343257e-06 5.881761e-08 -1.224905e-07 4.221342e-07 -1.538190e-07 2.007892e-08 4.383466e-08 1.597869e-08 1.865102e-07 -2.816414e-08 -1.720655e-08 -3.146698e-09 1.458547e-09 -4.860329e-08 -2.030824e-08 6.295061e-09 1.853928e-09 -9.191079e-09 -1.307840e-08 -6.244729e-09 6.880399e-09 5.744433e-09 -6.859127e-08 2.420538e-08 1.363073e-08 -1.853920e-08 1.357195e-08 4.960841e-08 -1.145465e-08 -9.504778e-08 -8.576106e-08 1.469550e-07 2.322073e-07 -7.831299e-08 
-4.033247e-08 -1.002910e-07 -3.027441e-07 -1.794547e-08 4.598472e-08 -5.643764e-08 6.482682e-10 5.843362e-08 -9.292736e-09 -4.732510e-08 4.259381e-08 1.208704e-08 -5.297853e-08 -6.233833e-08 4.167550e-07 -6.742616e-08 5.881761e-08 -1.638995e-06 -4.366700e-07 -8.976448e-07 -4.537277e-07 -9.841480e-08 -9.713129e-08 -3.557706e-09 1.528609e-08 -1.270314e-07 6.688464e-09 8.243842e-08 -5.320510e-08 -6.645262e-09 8.775124e-11 1.304753e-08 -2.621582e-08 3.615023e-08 1.770460e-08 -2.680029e-09 4.418915e-09 9.319486e-10 -4.072049e-09 -9.550266e-09 -5.654712e-08 3.392872e-08 -3.234991e-08 1.154094e-09 -5.331780e-08 9.748221e-08 -7.992697e-08 -2.594200e-07 6.130368e-08 1.690210e-07 
7.593204e-09 8.887617e-08 3.210653e-07 4.022079e-09 -2.305764e-08 8.846369e-08 1.303661e-08 1.073555e-08 -1.066386e-08 -1.038344e-08 6.508811e-08 4.522028e-08 -2.061245e-08 1.859030e-08 1.116072e-08 1.877228e-08 -1.224905e-07 -4.366700e-07 -1.969835e-06 5.878156e-07 3.930633e-07 -1.080045e-07 -4.533926e-08 -3.132729e-08 -1.091773e-07 1.639928e-08 -3.229762e-11 -1.587452e-08 -1.536606e-08 3.223713e-08 -5.192392e-09 2.989374e-09 3.158339e-09 -1.125562e-08 -9.987341e-09 4.529934e-09 2.651784e-09 2.470159e-09 3.434441e-10 -2.996690e-09 3.959184e-08 -1.974784e-08 1.410034e-08 -5.799488e-09 -1.611886e-08 -1.220914e-07 -9.871137e-08 2.261121e-07 2.674992e-07 -7.886686e-08 
1.561150e-08 2.720726e-08 -3.176399e-07 -4.690013e-08 -6.804021e-08 1.112011e-07 3.123959e-08 -1.651535e-08 7.469254e-10 -2.190146e-08 9.103980e-08 5.313112e-10 -2.456285e-08 -9.228807e-08 -7.532413e-08 4.568801e-08 4.221342e-07 -8.976448e-07 5.878156e-07 -8.207782e-07 5.611135e-07 1.919269e-07 -1.391444e-07 -1.545817e-08 -2.711264e-09 -2.015843e-08 -1.277451e-08 -3.342122e-08 2.132063e-08 -3.565905e-08 -4.523283e-09 1.120406e-08 -1.041844e-09 -1.338573e-08 -2.738196e-08 -2.253367e-10 -8.236878e-09 1.411999e-08 1.160108e-09 1.458255e-08 7.707050e-08 -7.455050e-08 2.988406e-08 -2.007939e-08 -1.122236e-08 1.750736e-07 1.066381e-07 -2.568060e-07 -3.120932e-07 1.210715e-07 
-1.424102e-08 1.087250e-07 4.185012e-07 4.438065e-09 -2.740942e-08 6.008885e-08 -8.959630e-09 -3.254157e-08 5.911041e-08 -3.906497e-08 8.001366e-08 1.385157e-08 5.352966e-08 -8.857274e-08 2.643267e-07 1.200877e-08 -1.538190e-07 -4.537277e-07 3.930633e-07 5.611135e-07 -1.862170e-06 -3.487985e-07 -5.744884e-08 -2.398901e-08 1.216744e-07 -1.367935e-07 -4.186918e-08 5.077623e-08 -3.799245e-08 4.332690e-08 3.490744e-09 -1.123186e-08 -1.331642e-08 -6.677930e-09 1.587692e-08 1.607030e-08 5.087184e-09 1.206049e-08 2.481249e-08 9.530982e-09 1.293031e-08 -1.898867e-08 9.837737e-10 -2.420072e-08 -6.178072e-08 -3.962867e-08 -1.869329e-07 -5.540544e-08 4.081091e-07 3.910453e-08 
5.286197e-08 5.010327e-08 2.095961e-07 1.930454e-08 -8.037772e-09 4.885539e-08 -8.043608e-09 -1.573505e-08 -1.468938e-08 -1.460833e-10 2.582732e-08 -2.274846e-08 -2.945252e-08 -1.296429e-07 1.164344e-10 -1.558141e-07 2.007892e-08 -9.841480e-08 -1.080045e-07 1.919269e-07 -3.487985e-07 -1.921297e-07 -2.160033e-07 2.057589e-07 9.474026e-08 9.483274e-08 1.509644e-07 -1.799674e-07 8.438256e-09 1.757953e-08 1.410369e-08 -3.931893e-10 3.541771e-08 -2.917969e-08 -1.912488e-08 -9.147920e-09 -7.940763e-09 1.327014e-08 -2.185093e-08 7.030601e-09 1.705807e-08 -3.715155e-09 1.359292e-08 -8.050462e-09 -1.394402e-08 -2.446248e-08 -5.447439e-08 1.501581e-08 1.313198e-07 2.732778e-09 
-2.031303e-08 1.142857e-09 5.235773e-08 2.779381e-08 -9.241256e-09 3.714900e-08 -1.930815e-08 -1.415046e-08 7.214106e-10 -4.494810e-09 1.978187e-08 7.807775e-10 9.076431e-09 -6.491686e-09 5.081718e-09 -6.108081e-09 4.383466e-08 -9.713129e-08 -4.533926e-08 -1.391444e-07 -5.744884e-08 -2.160033e-07 -8.353495e-07 1.661716e-07 4.897811e-07 7.878528e-07 -6.638857e-08 -4.029762e-07 -5.479032e-08 -5.285984e-09 1.318791e-08 -1.454650e-08 9.541851e-08 -5.533063e-08 -3.950180e-08 -2.782870e-08 1.058561e-08 -6.979196e-09 2.248560e-11 -2.879955e-08 4.267255e-09 1.580141e-08 -1.231316e-08 -5.744871e-10 1.671227e-10 1.427974e-08 2.280674e-10 -3.180068e-08 -4.143665e-09 2.404136e-08 
5.392834e-09 1.463731e-08 9.502111e-08 1.684536e-08 3.461845e-09 1.428256e-08 -1.552990e-08 3.517850e-09 -9.364242e-09 3.194695e-09 -3.628502e-09 2.160931e-09 -9.039877e-09 -5.960100e-09 -2.814556e-08 -9.236883e-09 1.597869e-08 -3.557706e-09 -3.132729e-08 -1.545817e-08 -2.398901e-08 2.057589e-07 1.661716e-07 -2.052441e-06 3.526592e-07 -1.872879e-08 -2.037982e-08 1.271080e-08 1.974149e-08 4.224400e-08 -6.894344e-08 -2.128151e-08 1.314234e-08 -4.214953e-09 1.428316e-08 1.681130e-09 2.558401e-08 -9.480418e-09 -1.162955e-08 -7.594763e-10 -5.352951e-09 1.306273e-10 3.991521e-09 -7.260385e-09 1.264708e-09 5.887037e-09 6.239628e-09 -1.183107e-09 -1.856442e-08 4.885278e-09 
-9.451623e-09 2.427774e-08 1.694827e-07 1.132994e-07 -1.618950e-09 5.589899e-08 -5.503125e-08 -1.637835e-08 1.711076e-09 4.934809e-09 -1.322545e-08 -5.113742e-09 -3.238325e-08 -4.222064e-08 -3.589475e-09 3.462466e-08 1.865102e-07 1.528609e-08 -1.091773e-07 -2.711264e-09 1.216744e-07 9.474026e-08 4.897811e-07 3.526592e-07 -4.691946e-07 -5.368521e-07 -1.637702e-07 1.621790e-07 -5.230705e-08 1.293661e-08 1.947167e-08 1.692387e-08 -1.517298e-08 1.574409e-08 -6.590327e-09 3.918088e-10 -2.177376e-08 7.967923e-09 -8.864068e-09 1.231382e-08 -6.063420e-09 1.722409e-09 6.270900e-09 -4.557568e-09 8.868438e-10 2.603020e-09 1.105073e-08 5.089897e-09 -2.955390e-08 -4.716689e-09 
-5.582094e-09 -8.562892e-09 -6.201243e-08 1.534028e-08 -2.027234e-08 3.040879e-08 7.747370e-10 -2.065909e-08 2.991231e-09 -4.631190e-09 4.724561e-08 -4.802060e-10 1.828000e-08 -1.277892e-08 3.175473e-08 -4.594020e-08 -2.816414e-08 -1.270314e-07 1.639928e-08 -2.015843e-08 -1.367935e-07 9.483274e-08 7.878528e-07 -1.872879e-08 -5.368521e-07 -1.236937e-06 1.150102e-07 -4.521367e-07 -6.367169e-08 -8.377078e-08 1.162755e-08 3.733261e-08 6.168919e-08 -5.797392e-08 -5.136290e-08 -4.235345e-08 -4.317390e-08 1.373290e-08 -5.348446e-09 -5.748484e-09 5.524849e-09 4.502466e-09 -8.550106e-09 2.110482e-09 -9.723091e-09 -8.114204e-10 -2.518864e-08 -1.442470e-08 4.228939e-08 -1.772958e-09 
-8.517889e-10 6.826207e-09 -3.453413e-09 7.752508e-08 -4.970717e-08 1.051274e-07 -2.441271e-08 -3.956085e-08 1.238809e-08 -2.547828e-09 1.080102e-08 7.831556e-09 -7.241275e-10 -2.867611e-08 6.041321e-08 -4.763901e-09 -1.720655e-08 6.688464e-09 -3.229762e-11 -1.277451e-08 -4.186918e-08 1.509644e-07 -6.638857e-08 -2.037982e-08 -1.637702e-07 1.150102e-07 -2.019369e-06 -3.978520e-08 -4.567240e-07 -1.641847e-07 -2.560456e-08 -2.117441e-08 -1.565234e-08 3.139011e-08 -3.511735e-08 -2.976313e-08 1.528887e-08 -1.684257e-08 1.334748e-08 -1.841668e-08 -7.724067e-10 -2.955232e-09 -1.037909e-08 -3.340494e-09 -2.125683e-09 2.760011e-08 1.332448e-08 -3.916283e-08 -3.043995e-08 2.053046e-08 
5.079941e-09 -1.952377e-09 6.681076e-09 1.094990e-07 -3.124768e-08 2.423245e-08 -9.770174e-08 -7.504350e-09 2.614322e-09 2.352929e-08 -5.061139e-08 -2.094202e-10 1.370806e-09 3.987868e-08 -6.587102e-08 2.946576e-08 -3.146698e-09 8.243842e-08 -1.587452e-08 -3.342122e-08 5.077623e-08 -1.799674e-07 -4.029762e-07 1.271080e-08 1.621790e-07 -4.521367e-07 -3.978520e-08 -1.967119e-06 -1.118243e-07 -1.877972e-07 3.074858e-08 -3.809826e-08 -6.109076e-08 -6.039630e-08 2.047611e-08 -2.999248e-08 -2.962610e-08 1.148675e-08 -2.840960e-08 -1.158773e-08 1.761212e-08 -7.231648e-10 2.331869e-09 9.691230e-09 9.424155e-09 -2.717407e-09 7.858809e-09 1.111111e-08 -3.984452e-09 -1.476073e-08 
-5.979326e-09 -1.076496e-09 9.148045e-09 1.609775e-07 3.108842e-07 -3.127534e-07 -1.153334e-07 1.095730e-07 -4.326212e-08 -2.258121e-08 3.104100e-08 -5.146243e-09 -7.641889e-09 -1.342937e-08 1.293620e-08 -1.574653e-09 1.458547e-09 -5.320510e-08 -1.536606e-08 2.132063e-08 -3.799245e-08 8.438256e-09 -5.479032e-08 1.974149e-08 -5.230705e-08 -6.367169e-08 -4.567240e-07 -1.118243e-07 1.848495e-07 -6.968027e-09 4.712322e-09 5.518517e-10 6.646076e-08 -5.382085e-08 -5.189312e-08 -3.215223e-08 -3.656697e-09 2.485072e-08 3.046962e-10 -2.207585e-08 -7.648705e-09 2.241855e-08 -1.662750e-08 6.271765e-09 5.504021e-09 -4.680725e-09 -6.971297e-09 -1.350637e-08 4.726253e-09 9.572073e-09 
8.092071e-09 -3.486750e-09 9.987662e-08 -1.008952e-06 -9.745972e-08 -4.206887e-07 7.433233e-07 2.045127e-07 -3.830707e-08 -2.543209e-08 9.551076e-10 -9.709771e-09 -4.483589e-09 4.851782e-08 7.512231e-09 -1.407701e-08 -4.860329e-08 -6.645262e-09 3.223713e-08 -3.565905e-08 4.332690e-08 1.757953e-08 -5.285984e-09 4.224400e-08 1.293661e-08 -8.377078e-08 -1.641847e-07 -1.877972e-07 -6.968027e-09 -4.685065e-07 -1.057262e-07 4.386103e-08 -3.080723e-08 -9.353358e-09 -1.668332e-08 -4.400629e-08 9.661243e-09 -1.460639e-08 8.309997e-09 5.183139e-09 7.892061e-09 2.767262e-08 2.075721e-08 -2.875640e-08 3.766720e-09 4.626317e-09 6.178234e-09 -4.391309e-09 -1.135506e-08 6.106181e-09 
-2.152156e-08 2.008108e-08 2.668612e-08 -3.025116e-07 -2.451869e-08 -8.596762e-08 1.310361e-07 4.681873e-08 -1.625533e-08 -1.069394e-08 -5.958974e-09 1.360672e-09 -6.882955e-09 3.998365e-09 -1.918477e-10 -4.576108e-09 -2.030824e-08 8.775124e-11 -5.192392e-09 -4.523283e-09 3.490744e-09 1.410369e-08 1.318791e-08 -6.894344e-08 1.947167e-08 1.162755e-08 -2.560456e-08 3.074858e-08 4.712322e-09 -1.057262e-07 -2.988863e-08 1.083566e-08 -1.820566e-08 1.273993e-08 1.778449e-09 -1.856995e-09 6.878673e-09 -5.510674e-09 1.382252e-09 3.489749e-09 1.749598e-10 5.572296e-09 6.842779e-09 -7.216623e-09 -1.053792e-10 -1.140574e-10 2.439594e-10 1.784824e-09 6.999746e-11 9.404768e-10 
2.015412e-08 -9.123908e-09 -1.470846e-08 1.584083e-07 1.805436e-07 1.128298e-07 5.514247e-08 -1.002667e-07 2.317538e-08 4.880507e-08 1.521582e-08 -3.107924e-08 2.679137e-08 3.176187e-08 1.642631e-08 -8.206712e-09 6.295061e-09 1.304753e-08 2.989374e-09 1.120406e-08 -1.123186e-08 -3.931893e-10 -1.454650e-08 -2.128151e-08 1.692387e-08 3.733261e-08 -2.117441e-08 -3.809826e-08 5.518517e-10 4.386103e-08 1.083566e-08 -4.184760e-08 -1.838678e-07 9.259656e-08 1.294761e-07 6.526921e-08 1.531481e-08 -5.604017e-09 -8.919298e-09 1.235436e-09 -5.234215e-09 -1.369455e-08 5.839698e-09 5.207928e-09 2.049285e-09 -2.393167e-09 5.713294e-10 2.289579e-09 2.390705e-09 -2.636622e-10 
-3.933346e-08 1.749964e-08 2.400534e-09 -2.775639e-07 2.116547e-07 1.108026e-07 -1.920539e-07 -8.124174e-08 -4.380280e-09 -1.716524e-08 4.660731e-08 -2.691618e-09 -7.794521e-09 -6.761071e-09 -5.692911e-09 -1.072337e-08 1.853928e-09 -2.621582e-08 3.158339e-09 -1.041844e-09 -1.331642e-08 3.541771e-08 9.541851e-08 1.314234e-08 -1.517298e-08 6.168919e-08 -1.565234e-08 -6.109076e-08 6.646076e-08 -3.080723e-08 -1.820566e-08 -1.838678e-07 -1.180093e-06 6.308974e-07 6.649054e-07 3.669150e-07 8.185892e-08 -4.496449e-08 -3.620483e-08 6.718628e-08 -4.598744e-08 -6.632035e-08 6.265845e-08 7.731332e-09 3.508659e-09 -5.840049e-09 4.083607e-09 6.038136e-09 9.608981e-10 5.916419e-09 
-7.472164e-08 5.264610e-08 -2.743961e-08 1.421770e-07 4.004301e-07 1.992823e-07 4.444503e-07 -1.884897e-07 8.986185e-08 7.977099e-08 -4.277811e-08 -1.387557e-08 2.983511e-08 2.357040e-08 7.645149e-09 1.324055e-08 -9.191079e-09 3.615023e-08 -1.125562e-08 -1.338573e-08 -6.677930e-09 -2.917969e-08 -5.533063e-08 -4.214953e-09 1.574409e-08 -5.797392e-08 3.139011e-08 -6.039630e-08 -5.382085e-08 -9.353358e-09 1.273993e-08 9.259656e-08 6.308974e-07 -3.420799e-07 -2.906280e-07 -1.616045e-07 -2.737020e-08 2.555381e-08 -9.945122e-10 -4.448026e-08 3.015356e-08 3.197483e-08 -2.461000e-08 -4.888610e-09 -3.756668e-09 4.032927e-09 -1.280763e-09 -1.909889e-10 -1.734003e-09 -4.999201e-09 
-3.584917e-08 3.076860e-08 8.556535e-09 -4.426069e-07 -1.980149e-07 -4.689989e-08 -6.789575e-07 9.985039e-08 -8.107122e-08 -9.865827e-08 -7.044015e-09 5.562675e-08 -5.913132e-08 -4.491713e-08 -5.270616e-08 -8.570677e-09 -1.307840e-08 1.770460e-08 -9.987341e-09 -2.738196e-08 1.587692e-08 -1.912488e-08 -3.950180e-08 1.428316e-08 -6.590327e-09 -5.136290e-08 -3.511735e-08 2.047611e-08 -5.189312e-08 -1.668332e-08 1.778449e-09 1.294761e-07 6.649054e-07 -2.906280e-07 -4.288830e-07 -1.730810e-07 -3.257639e-08 2.847234e-08 3.048684e-08 -3.332722e-08 2.139768e-08 4.103611e-08 -3.369221e-08 -6.102573e-09 -3.559293e-09 6.440611e-09 -1.069607e-09 -5.433275e-09 -2.475666e-09 -3.701902e-09 
7.671143e-08 -4.267640e-08 9.653480e-10 -2.924097e-07 4.523033e-07 1.883916e-07 -3.966018e-08 -1.836405e-07 5.377523e-09 -1.761926e-10 8.143857e-10 1.712643e-08 -1.315560e-08 -1.265124e-08 -2.277591e-08 4.309042e-09 -6.244729e-09 -2.680029e-09 4.529934e-09 -2.253367e-10 1.607030e-08 -9.147920e-09 -2.782870e-08 1.681130e-09 3.918088e-10 -4.235345e-08 -2.976313e-08 -2.999248e-08 -3.215223e-08 -4.400629e-08 -1.856995e-09 6.526921e-08 3.669150e-07 -1.616045e-07 -1.730810e-07 -5.970166e-08 3.574461e-09 2.689399e-08 1.097424e-09 -2.434808e-08 1.637278e-08 2.056604e-08 -1.078695e-08 -3.768166e-09 1.177879e-09 3.403732e-09 1.148492e-09 -3.026150e-09 -1.433592e-10 -2.119464e-09 
2.075325e-09 -7.424960e-11 1.954038e-08 -1.022288e-07 2.236032e-07 1.263338e-07 -1.271149e-07 -9.951080e-08 9.337110e-09 -6.263616e-08 2.091585e-08 3.826851e-08 -3.173787e-08 -7.487395e-08 -4.993156e-08 7.584654e-09 6.880399e-09 4.418915e-09 2.651784e-09 -8.236878e-09 5.087184e-09 -7.940763e-09 1.058561e-08 2.558401e-08 -2.177376e-08 -4.317390e-08 1.528887e-08 -2.962610e-08 -3.656697e-09 9.661243e-09 6.878673e-09 1.531481e-08 8.185892e-08 -2.737020e-08 -3.257639e-08 3.574461e-09 5.991733e-09 1.310583e-08 -3.536566e-09 9.667664e-09 -6.627211e-09 1.812621e-09 1.014074e-09 3.224853e-09 -1.469419e-09 1.503138e-09 6.131403e-10 -1.385722e-09 -2.212638e-09 -8.462827e-10 
-4.517211e-08 -5.337528e-08 1.131218e-09 -9.733458e-08 1.145885e-07 1.181782e-08 -3.005075e-08 -2.233649e-08 2.612927e-08 5.775607e-08 1.392248e-07 -9.429415e-08 4.395360e-08 1.064043e-07 -5.160646e-09 2.630615e-09 5.744433e-09 9.319486e-10 2.470159e-09 1.411999e-08 1.206049e-08 1.327014e-08 -6.979196e-09 -9.480418e-09 7.967923e-09 1.373290e-08 -1.684257e-08 1.148675e-08 2.485072e-08 -1.460639e-08 -5.510674e-09 -5.604017e-09 -4.496449e-08 2.555381e-08 2.847234e-08 2.689399e-08 1.310583e-08 -6.067901e-09 2.764372e-08 -1.234327e-08 -4.820033e-09 1.706079e-09 -1.042317e-08 -1.705515e-09 1.360720e-09 -1.302157e-09 8.813422e-10 -3.598060e-10 -2.432605e-09 -1.344732e-09 
-3.762221e-09 -1.242261e-07 -2.508920e-08 1.048279e-07 3.352623e-08 5.484360e-08 1.475487e-07 -3.835438e-08 1.258833e-08 -4.487144e-07 -1.400568e-07 3.394440e-07 -2.220811e-07 -5.865719e-07 -2.225217e-07 3.240503e-08 -6.859127e-08 -4.072049e-09 3.434441e-10 1.160108e-09 2.481249e-08 -2.185093e-08 2.248560e-11 -1.162955e-08 -8.864068e-09 -5.348446e-09 1.334748e-08 -2.840960e-08 3.046962e-10 8.309997e-09 1.382252e-09 -8.919298e-09 -3.620483e-08 -9.945122e-10 3.048684e-08 1.097424e-09 -3.536566e-09 2.764372e-08 -6.974741e-08 1.224270e-07 -7.132992e-08 8.734692e-09 4.544575e-08 5.702725e-09 -9.200532e-09 -4.044682e-09 -4.561017e-09 4.040413e-09 7.988197e-10 8.009815e-09 
5.877870e-09 -1.508321e-07 2.433176e-08 4.521998e-08 -6.228720e-08 1.381316e-08 2.286601e-08 -5.155439e-08 8.138103e-09 2.547570e-08 5.815185e-07 -3.148500e-07 1.505944e-07 2.028772e-07 -7.106303e-08 1.160438e-08 2.420538e-08 -9.550266e-09 -2.996690e-09 1.458255e-08 9.530982e-09 7.030601e-09 -2.879955e-08 -7.594763e-10 1.231382e-08 -5.748484e-09 -1.841668e-08 -1.158773e-08 -2.207585e-08 5.183139e-09 3.489749e-09 1.235436e-09 6.718628e-08 -4.448026e-08 -3.332722e-08 -2.434808e-08 9.667664e-09 -1.234327e-08 1.224270e-07 -5.328489e-10 -4.204697e-08 6.374647e-09 -4.887997e-08 3.338138e-10 1.052461e-09 -4.969133e-09 -6.404120e-11 -1.642470e-09 -2.347877e-10 -3.887664e-09 
4.079315e-09 -3.044791e-07 4.236561e-08 2.545773e-08 -3.666547e-08 1.958437e-08 -1.274996e-08 2.361403e-08 -1.535379e-09 1.026604e-07 -3.442552e-07 1.115848e-07 -3.041414e-08 2.169019e-08 8.464155e-08 -1.697644e-08 1.363073e-08 -5.654712e-08 3.959184e-08 7.707050e-08 1.293031e-08 1.705807e-08 4.267255e-09 -5.352951e-09 -6.063420e-09 5.524849e-09 -7.724067e-10 1.761212e-08 -7.648705e-09 7.892061e-09 1.749598e-10 -5.234215e-09 -4.598744e-08 3.015356e-08 2.139768e-08 1.637278e-08 -6.627211e-09 -4.820033e-09 -7.132992e-08 -4.204697e-08 2.211615e-08 2.116168e-08 6.951007e-09 3.367287e-09 4.840493e-09 -2.535464e-09 -1.474530e-09 -5.597982e-10 -2.671514e-09 1.175573e-09 
-2.110473e-09 3.310245e-07 -1.705264e-07 9.781736e-08 5.864870e-08 -1.710213e-08 -4.084890e-08 6.165257e-09 9.728721e-09 3.054199e-08 1.712170e-09 -1.328311e-08 6.076526e-09 2.736920e-08 3.511539e-08 -3.469593e-09 -1.853920e-08 3.392872e-08 -1.974784e-08 -7.455050e-08 -1.898867e-08 -3.715155e-09 1.580141e-08 1.306273e-10 1.722409e-09 4.502466e-09 -2.955232e-09 -7.231648e-10 2.241855e-08 2.767262e-08 5.572296e-09 -1.369455e-08 -6.632035e-08 3.197483e-08 4.103611e-08 2.056604e-08 1.812621e-09 1.706079e-09 8.734692e-09 6.374647e-09 2.116168e-08 -2.515078e-08 1.531089e-08 -1.280202e-08 -3.310143e-10 4.535778e-09 4.312678e-09 2.728440e-09 1.147694e-09 3.171074e-10 
4.013161e-09 -1.734198e-07 -6.900550e-08 3.226411e-08 -1.587847e-08 3.904518e-08 -9.726757e-08 -3.099347e-08 -1.680904e-09 1.545865e-07 1.617006e-07 -1.750266e-07 1.083724e-07 2.327722e-07 5.274327e-08 -1.178783e-08 1.357195e-08 -3.234991e-08 1.410034e-08 2.988406e-08 9.837737e-10 1.359292e-08 -1.231316e-08 3.991521e-09 6.270900e-09 -8.550106e-09 -1.037909e-08 2.331869e-09 -1.662750e-08 2.075721e-08 6.842779e-09 5.839698e-09 6.265845e-08 -2.461000e-08 -3.369221e-08 -1.078695e-08 1.014074e-09 -1.042317e-08 4.544575e-08 -4.887997e-08 6.951007e-09 1.531089e-08 -2.939458e-08 -7.761762e-09 5.697632e-09 -2.803728e-09 1.420231e-09 -8.714323e-10 -1.434209e-09 -2.294560e-09 
