38480 600 50 2201

8.511181e+07 5.117446e+06 4.571997e+06 4.280646e+05 3.740442e+05 3.193975e+05 2.554925e+05 1.621724e+05 8.423380e+04 5.106242e+04 4.580655e+04 3.187991e+04 2.688823e+04 2.473871e+04 1.545419e+04 1.468290e+04 6.566803e+03 5.521769e+03 4.568265e+03 4.020978e+03 3.912313e+03 2.763731e+03 2.272251e+03 9.725375e+02 8.142430e+02 6.716219e+02 5.397737e+02 4.519188e+02 3.495609e+02 1.504148e+02 1.270914e+02 9.245816e+01 5.093021e+01 4.028881e+01 2.934793e+01 2.687620e+01 2.189282e+01 1.762222e+01 1.538204e+01 1.276380e+01 7.892585e+00 6.356496e+00 4.956798e+00 4.587495e+00 3.006213e+00 1.653646e+00 1.157299e+00 7.840796e-01 5.618771e-01 5.394716e-01 
3.999751e+03 1.160822e+03 1.109543e+03 2.987494e+02 2.693125e+02 9.286497e+01 7.144632e+01 4.091917e+01 3.629883e+01 2.821664e+01 2.414007e+01 2.305291e+01 1.857935e+01 1.841868e+01 1.701506e+01 1.581749e+01 1.362980e+01 1.311679e+01 1.238167e+01 1.128144e+01 1.104747e+01 1.074365e+01 1.059117e+01 1.009869e+01 9.405319e+00 6.393668e+00 5.911867e+00 5.829395e+00 5.531009e+00 5.029098e+00 4.454204e+00 4.258371e+00 3.655522e+00 3.489338e+00 3.326998e+00 3.143641e+00 3.066313e+00 2.905914e+00 2.711254e+00 2.544585e+00 2.518963e+00 2.448884e+00 2.271697e+00 2.231670e+00 2.131965e+00 2.052949e+00 1.973525e+00 1.830833e+00 1.751269e+00 1.673997e+00 1.630397e+00 1.532014e+00 1.510155e+00 1.384952e+00 1.330018e+00 1.277343e+00 1.207089e+00 1.168518e+00 1.153010e+00 1.123067e+00 1.106012e+00 1.080109e+00 1.052616e+00 1.037309e+00 9.933653e-01 9.588658e-01 9.550728e-01 9.379709e-01 9.145274e-01 8.980790e-01 8.671665e-01 8.177260e-01 8.136384e-01 7.982231e-01 7.783865e-01 7.656576e-01 7.498281e-01 7.451406e-01 7.363538e-01 7.209058e-01 7.072648e-01 6.683573e-01 6.505274e-01 6.406117e-01 6.099381e-01 5.861770e-01 5.752897e-01 5.673532e-01 5.493622e-01 5.195493e-01 5.053194e-01 4.715890e-01 4.669487e-01 4.439074e-01 4.358101e-01 4.204734e-01 4.085859e-01 3.962054e-01 3.888585e-01 3.855345e-01 3.681712e-01 3.482244e-01 3.318178e-01 3.284703e-01 3.099535e-01 2.998466e-01 2.896008e-01 2.855175e-01 2.767015e-01 2.688223e-01 2.647052e-01 2.532596e-01 2.450535e-01 2.392963e-01 2.338535e-01 2.277982e-01 2.212399e-01 2.120343e-01 2.049528e-01 2.007280e-01 1.983713e-01 1.957986e-01 1.935695e-01 1.899974e-01 1.875222e-01 1.840854e-01 1.817374e-01 1.788846e-01 1.726316e-01 1.653605e-01 1.639924e-01 1.572521e-01 1.519573e-01 1.493037e-01 1.465006e-01 1.431986e-01 1.341715e-01 1.328933e-01 1.321849e-01 1.285558e-01 1.276822e-01 1.196096e-01 1.178824e-01 1.167668e-01 1.159196e-01 1.143560e-01 1.101315e-01 1.061617e-01 1.035308e-01 9.892177e-02 9.384464e-02 9.196715e-02 8.908699e-02 8.697983e-02 8.617208e-02 8.398320e-02 8.239327e-02 8.141922e-02 7.860443e-02 7.682078e-02 7.568765e-02 7.129838e-02 7.029576e-02 6.992161e-02 6.852592e-02 6.672144e-02 6.493758e-02 6.246355e-02 5.992180e-02 5.850948e-02 5.457405e-02 5.323444e-02 5.066529e-02 4.946132e-02 4.864328e-02 4.805939e-02 4.785834e-02 4.723294e-02 4.655609e-02 4.495639e-02 4.349850e-02 4.274084e-02 4.260159e-02 4.181155e-02 4.064620e-02 4.012588e-02 3.888386e-02 3.688953e-02 3.660142e-02 3.628990e-02 3.510241e-02 3.489188e-02 3.448689e-02 3.375479e-02 3.271952e-02 3.210728e-02 3.161250e-02 2.963985e-02 2.941753e-02 2.861180e-02 2.778620e-02 2.707376e-02 2.641588e-02 2.627811e-02 2.566917e-02 2.494156e-02 2.481168e-02 2.411414e-02 2.402968e-02 2.322105e-02 2.297284e-02 2.229869e-02 2.192603e-02 2.159982e-02 2.125808e-02 2.057134e-02 2.043424e-02 1.957423e-02 1.895162e-02 1.839642e-02 1.795858e-02 1.745540e-02 1.697021e-02 1.648236e-02 1.614420e-02 1.596082e-02 1.543276e-02 1.528786e-02 1.480709e-02 1.416746e-02 1.387252e-02 1.356158e-02 1.312420e-02 1.264046e-02 1.228429e-02 1.213628e-02 1.179070e-02 1.111217e-02 1.104670e-02 1.049973e-02 1.029089e-02 9.963347e-03 9.894181e-03 9.712009e-03 9.449917e-03 9.292454e-03 9.225676e-03 8.836256e-03 8.776391e-03 8.427420e-03 8.330485e-03 8.151209e-03 8.023071e-03 7.792175e-03 7.645076e-03 7.494128e-03 7.417196e-03 7.248483e-03 7.229340e-03 7.086671e-03 7.036537e-03 6.849871e-03 6.554229e-03 6.406345e-03 6.358468e-03 6.177548e-03 6.117429e-03 5.977410e-03 5.847876e-03 5.763982e-03 5.560154e-03 5.520515e-03 5.431239e-03 5.285497e-03 5.256278e-03 5.008515e-03 4.964365e-03 4.726762e-03 4.641763e-03 4.617837e-03 4.577516e-03 4.495506e-03 4.468383e-03 4.379159e-03 4.323542e-03 4.255109e-03 4.242428e-03 4.168982e-03 4.145461e-03 4.018459e-03 3.836053e-03 3.772105e-03 3.697285e-03 3.595137e-03 3.545640e-03 3.439387e-03 3.334137e-03 3.280481e-03 3.219144e-03 3.139416e-03 3.057731e-03 3.035485e-03 3.003630e-03 2.976957e-03 2.872213e-03 2.810230e-03 2.755718e-03 2.676952e-03 2.636577e-03 2.527477e-03 2.518188e-03 2.457877e-03 2.399115e-03 2.351354e-03 2.332241e-03 2.306209e-03 2.220254e-03 2.139593e-03 2.133813e-03 2.059091e-03 2.026440e-03 1.933070e-03 1.892945e-03 1.868045e-03 1.844474e-03 1.790867e-03 1.773110e-03 1.708057e-03 1.657500e-03 1.641110e-03 1.624456e-03 1.591358e-03 1.568338e-03 1.534136e-03 1.495191e-03 1.459940e-03 1.443216e-03 1.413230e-03 1.394925e-03 1.356934e-03 1.348351e-03 1.300264e-03 1.287579e-03 1.276382e-03 1.233353e-03 1.219237e-03 1.210048e-03 1.176866e-03 1.148936e-03 1.123015e-03 1.103017e-03 1.073550e-03 1.060298e-03 1.049727e-03 1.008063e-03 9.992140e-04 9.874147e-04 9.600015e-04 9.470409e-04 9.337399e-04 9.042885e-04 9.024995e-04 8.820016e-04 8.558809e-04 8.497735e-04 8.313535e-04 8.093814e-04 8.055442e-04 7.651000e-04 7.515421e-04 7.371571e-04 7.291606e-04 7.259872e-04 7.115486e-04 7.012561e-04 6.724507e-04 6.625968e-04 6.511678e-04 6.457945e-04 6.390799e-04 6.267265e-04 6.068831e-04 5.950172e-04 5.882006e-04 5.811032e-04 5.729351e-04 5.646478e-04 5.514056e-04 5.397591e-04 5.297701e-04 5.117265e-04 5.059008e-04 5.011998e-04 4.945444e-04 4.738623e-04 4.678234e-04 4.618696e-04 4.554009e-04 4.452571e-04 4.437801e-04 4.361396e-04 4.328297e-04 4.249509e-04 4.161817e-04 4.150156e-04 4.059617e-04 3.940708e-04 3.820219e-04 3.784583e-04 3.716275e-04 3.548614e-04 3.506997e-04 3.480885e-04 3.405677e-04 3.362509e-04 3.283162e-04 3.242566e-04 3.200604e-04 3.158005e-04 3.102149e-04 3.024037e-04 3.005948e-04 2.988605e-04 2.934836e-04 2.840401e-04 2.751882e-04 2.690534e-04 2.670917e-04 2.664666e-04 2.645480e-04 2.616759e-04 2.533045e-04 2.497296e-04 2.481500e-04 2.431038e-04 2.391435e-04 2.378172e-04 2.350039e-04 2.297075e-04 2.218349e-04 2.181213e-04 2.169715e-04 2.125576e-04 2.085898e-04 2.064839e-04 2.043984e-04 1.988702e-04 1.912041e-04 1.896609e-04 1.853371e-04 1.841922e-04 1.830592e-04 1.793477e-04 1.777504e-04 1.719742e-04 1.690233e-04 1.674119e-04 1.641041e-04 1.595395e-04 1.570608e-04 1.525578e-04 1.516490e-04 1.500113e-04 1.470063e-04 1.444105e-04 1.423527e-04 1.415479e-04 1.369827e-04 1.336680e-04 1.323586e-04 1.293821e-04 1.280360e-04 1.248539e-04 1.222282e-04 1.219411e-04 1.211377e-04 1.197989e-04 1.142569e-04 1.138083e-04 1.120825e-04 1.083377e-04 1.073198e-04 1.049544e-04 1.016985e-04 1.015490e-04 1.004993e-04 9.894263e-05 9.776284e-05 9.676714e-05 9.590352e-05 9.331186e-05 9.131528e-05 9.010190e-05 8.943965e-05 8.768925e-05 8.542520e-05 8.336482e-05 8.244166e-05 8.110390e-05 8.086120e-05 7.880295e-05 7.687552e-05 7.645568e-05 7.513452e-05 7.414273e-05 7.310460e-05 7.242286e-05 7.155015e-05 7.057237e-05 6.988485e-05 6.869070e-05 6.757672e-05 6.608456e-05 6.539401e-05 6.467386e-05 6.364681e-05 6.250042e-05 6.202787e-05 6.112113e-05 6.035289e-05 5.954082e-05 5.908959e-05 5.637924e-05 5.598921e-05 5.581105e-05 5.524085e-05 5.461714e-05 5.352785e-05 5.297903e-05 5.130786e-05 5.077602e-05 5.024885e-05 4.900961e-05 4.761413e-05 4.658120e-05 4.597158e-05 4.508114e-05 4.383413e-05 4.372356e-05 4.260983e-05 4.190019e-05 4.145356e-05 4.086642e-05 4.010710e-05 3.946468e-05 3.944875e-05 3.795181e-05 3.761678e-05 3.744891e-05 3.700435e-05 3.626174e-05 3.566816e-05 3.521230e-05 3.473674e-05 3.365878e-05 3.325784e-05 3.276616e-05 3.243777e-05 3.150563e-05 3.068592e-05 3.041414e-05 3.001706e-05 2.944128e-05 2.925831e-05 2.917196e-05 2.865432e-05 2.798832e-05 2.784966e-05 2.711092e-05 2.628357e-05 2.604642e-05 2.577481e-05 2.539142e-05 2.531900e-05 2.463603e-05 2.454692e-05 2.402399e-05 2.352696e-05 2.338879e-05 2.327344e-05 2.323255e-05 2.234165e-05 2.202237e-05 2.196230e-05 2.180985e-05 2.157486e-05 2.120541e-05 2.054546e-05 2.048098e-05 2.029779e-05 1.966981e-05 1.956425e-05 1.951612e-05 1.906665e-05 1.854647e-05 1.841153e-05 1.812616e-05 1.798634e-05 1.752808e-05 1.711173e-05 

22500 9655 14538 2101 15796 24020 1738 10430 15660 15243 3926 3864 1782 3178 15801 11071 2591 15143 10854 14778 24057 22620 1719 23942 16762 3858 3099 15015 15019 3962 1862 14583 15739 14516 10744 15942 23861 3176 9782 9817 15703 3949 2900 10101 3965 16033 15226 3179 14620 10451 15557 22740 1733 16100 24023 16766 15465 15705 10263 9875 2699 22780 16058 14673 1870 22829 9890 14780 3876 2697 22699 3061 15012 16770 23649 15495 3098 14500 14666 10139 14537 23940 1898 11178 15712 3140 9942 3930 14779 3064 22503 2128 3984 2369 3073 14699 15736 2180 3082 15541 14660 9659 16056 3987 14501 1817 22860 1658 9863 3848 9621 16721 3833 11256 1739 1703 14508 15782 10748 3946 2456 3177 9658 24059 10420 23174 15786 2754 23898 16029 1819 2934 10218 16057 1861 1707 10299 23817 23151 14851 1737 15622 23941 3243 9897 14619 9976 16734 16020 23221 1818 2189 23900 15896 15499 14700 15657 3088 9737 14618 3170 2299 3906 1657 23061 9657 2825 11099 3060 16797 9738 16749 2539 22582 2533 2982 14581 3909 2298 3063 3150 2660 2584 22823 22501 16789 11098 10980 14986 2420 11221 11140 14744 3977 22902 15817 10939 22586 14740 15249 11219 3890 16140 22514 15301 24021 15980 3971 3920 3232 1622 3943 3018 15781 1899 9736 9940 14502 10059 15978 10120 3893 16737 3220 1624 3160 3097 24058 2139 15729 15862 2858 14903 15783 3143 15898 3016 22617 1941 3255 16024 9620 3248 9702 22779 23392 3019 3880 11060 16774 23871 16686 9899 14981 11258 3873 3952 22538 10660 3883 16059 16667 23781 16037 14742 9660 2053 3886 16023 15628 2266 10821 15946 23701 14539 9780 2936 3155 2938 15621 2828 1700 22662 15941 15236 15472 2216 9732 16729 10938 16781 23177 14688 1946 10983 22663 9979 16778 15573 22540 3990 23659 15259 16045 9700 2103 14698 1620 15150 14533 3222 3897 3223 3224 2820 10937 2911 22696 3258 23980 2859 16725 3221 14503 3096 11062 22939 10180 22859 2925 2997 10136 14582 10981 15005 24024 23702 10859 16648 14580 22618 15420 15964 15253 3257 15098 2902 15955 9703 16754 23860 10928 16021 15563 3165 23899 2421 22742 3252 15738 11145 9862 22661 15488 22934 16054 2114 2429 2760 14420 14504 2024 3900 23978 23895 3851 22698 16060 10777 9898 3067 11000 1727 3062 11017 2821 1979 9941 22459 16693 15979 9818 16041 22616 2519 15460 16026 23461 22539 3174 11220 23706 11222 15864 15140 2857 9622 3933 15893 16746 23820 22937 3017 22534 3092 15700 1860 11259 3903 16050 2610 22524 3968 23819 11013 15625 15863 11177 3841 22700 15578 16022 22821 1621 2661 2020 1712 2850 3844 11019 23943 15944 2434 16785 15701 15969 15977 11061 11096 10538 16674 1892 2983 9626 3997 9739 10534 2058 15820 15899 1896 15819 15940 1781 23782 14617 10503 3854 15976 14776 24053 1977 22741 15867 15806 15818 3939 23405 1652 24060 22580 3825 9711 22777 1784 2939 3012 2364 3256 23862 22536 3237 3980 10439 14662 23005 14540 9978 22660 9783 15943 22744 23496 1656 9701 22505 30500 10446 10759 3867 23863 9819 15780 9861 2666 2981 2538 15950 1815 3918 15383 16139 24022 11179 14938 22581 16758 15733 3974 3936 23979 1701 3095 3915 14525 1702 2293 10028 1962 15860 16793 14661 15861 3861 11170 14615 9705 9719 3912 3227 15897 1659 15962 16101 15337 2200 2343 9656 10058 2774 14911 3259 9781 9894 2980 15974 11141 11176 2685 9860 3142 23467 3857 22502 2986 10186 15389 9726 11159 2901 1780 22420 3958 3145 22858 22619 10194 22583 15900 2743 14918 3923 10022 14820 22537 3955 9623 3141 3870 3994 
1539 1540 1541 1542 1544 1572 1576 1577 1578 1579 1619 1620 1621 1622 1623 1624 1627 1628 1632 1635 1636 1639 1644 1645 1647 1652 1653 1656 1657 1658 1659 1660 1699 1700 1701 1702 1703 1704 1707 1708 1712 1715 1716 1719 1724 1725 1727 1732 1733 1734 1735 1736 1737 1738 1739 1740 1779 1780 1781 1782 1783 1784 1785 1786 1787 1790 1792 1793 1799 1807 1808 1812 1813 1814 1815 1816 1817 1818 1819 1820 1859 1860 1861 1862 1863 1864 1865 1866 1870 1872 1873 1882 1887 1888 1892 1895 1896 1897 1898 1899 1900 1939 1940 1941 1942 1943 1944 1946 1950 1962 1970 1971 1972 1973 1975 1976 1977 1978 1979 1980 2019 2020 2021 2022 2023 2024 2026 2030 2031 2034 2037 2038 2042 2048 2050 2051 2053 2057 2058 2059 2100 2101 2102 2103 2104 2105 2106 2109 2110 2111 2114 2117 2118 2120 2124 2125 2128 2131 2132 2133 2134 2135 2136 2137 2138 2139 2180 2181 2183 2185 2186 2189 2194 2200 2204 2205 2208 2211 2212 2213 2214 2215 2216 2217 2218 2219 2259 2260 2262 2263 2266 2269 2270 2280 2284 2289 2293 2296 2297 2298 2299 2339 2340 2341 2342 2343 2345 2346 2349 2350 2354 2355 2356 2362 2363 2364 2368 2369 2372 2373 2376 2378 2379 2420 2421 2423 2425 2426 2429 2434 2435 2436 2439 2442 2443 2444 2448 2449 2452 2453 2456 2457 2458 2459 2500 2501 2502 2503 2504 2508 2509 2511 2514 2519 2530 2533 2536 2537 2538 2539 2540 2579 2580 2581 2582 2583 2584 2585 2586 2588 2589 2591 2592 2599 2605 2607 2608 2610 2613 2614 2615 2617 2618 2619 2620 2659 2660 2661 2663 2664 2665 2666 2671 2672 2674 2676 2677 2680 2682 2683 2685 2687 2688 2690 2692 2693 2694 2695 2697 2698 2699 2740 2741 2742 2743 2744 2745 2746 2747 2748 2754 2756 2757 2760 2762 2763 2765 2770 2772 2773 2774 2776 2777 2778 2779 2780 2819 2820 2821 2822 2823 2824 2825 2827 2828 2831 2832 2834 2840 2845 2848 2849 2850 2852 2853 2854 2855 2856 2857 2858 2859 2860 2899 2900 2901 2902 2903 2904 2905 2906 2908 2911 2912 2915 2916 2917 2920 2921 2925 2926 2928 2929 2930 2932 2933 2934 2935 2936 2937 2938 2939 2940 2979 2980 2981 2982 2983 2984 2985 2986 2987 2991 2993 2995 2996 2997 3000 3001 3002 3005 3006 3008 3012 3013 3014 3015 3016 3017 3018 3019 3020 3059 3060 3061 3062 3063 3064 3065 3066 3067 3069 3070 3073 3074 3075 3077 3080 3081 3082 3083 3084 3085 3088 3089 3090 3092 3093 3094 3095 3096 3097 3098 3099 3100 3139 3140 3141 3142 3143 3144 3145 3146 3147 3148 3149 3150 3152 3153 3154 3155 3156 3157 3160 3161 3162 3163 3164 3165 3168 3169 3170 3172 3173 3174 3175 3176 3177 3178 3179 3180 3219 3220 3221 3222 3223 3224 3225 3226 3227 3228 3229 3230 3232 3233 3235 3236 3237 3240 3241 3243 3244 3245 3248 3249 3250 3252 3253 3254 3255 3256 3257 3258 3259 3260 3299 3300 3301 3302 3303 3304 3307 3312 3317 3323 3328 3332 3335 3336 3337 3338 3339 3340 3745 3753 3761 3764 3767 3768 3771 3774 3777 3778 3781 3784 3786 3787 3790 3793 3794 3796 3800 3803 3805 3806 3810 3812 3813 3817 3820 3823 3825 3826 3829 3832 3833 3835 3838 3840 3841 3842 3843 3844 3845 3846 3847 3848 3849 3850 3851 3852 3853 3854 3855 3856 3857 3858 3859 3860 3861 3862 3863 3864 3865 3866 3867 3868 3869 3870 3871 3872 3873 3874 3875 3876 3877 3878 3879 3880 3881 3882 3883 3884 3885 3886 3887 3888 3889 3890 3891 3892 3893 3894 3895 3896 3897 3898 3899 3900 3901 3902 3903 3904 3905 3906 3907 3908 3909 3910 3911 3912 3913 3914 3915 3916 3917 3918 3919 3920 3921 3922 3923 3924 3925 3926 3927 3928 3929 3930 3931 3932 3933 3934 3935 3936 3937 3938 3939 3940 3941 3942 3943 3944 3945 3946 3947 3948 3949 3950 3951 3952 3953 3954 3955 3956 3957 3958 3959 3960 3961 3962 3963 3964 3965 3966 3967 3968 3969 3970 3971 3972 3973 3974 3975 3976 3977 3978 3979 3980 3981 3982 3983 3984 3985 3986 3987 3988 3989 3990 3991 3992 3993 3994 3995 3996 3997 3998 3999 4000 4003 4006 4010 4013 4016 4019 4023 4026 4029 4032 4035 4038 4042 4045 4048 4051 4054 4057 4060 4064 4067 4070 4074 4077 9539 9540 9541 9542 9543 9546 9575 9576 9577 9578 9579 9580 9619 9620 9621 9622 9623 9624 9625 9626 9631 9633 9634 9639 9643 9644 9646 9652 9653 9654 9655 9656 9657 9658 9659 9660 9699 9700 9701 9702 9703 9704 9705 9706 9711 9713 9714 9719 9723 9724 9726 9732 9733 9734 9735 9736 9737 9738 9739 9740 9779 9780 9781 9782 9783 9785 9786 9791 9795 9799 9806 9810 9812 9814 9815 9816 9817 9818 9819 9820 9859 9860 9861 9862 9863 9864 9875 9890 9894 9895 9896 9897 9898 9899 9900 9939 9940 9941 9942 9943 9944 9948 9949 9955 9970 9974 9976 9977 9978 9979 9980 10020 10021 10022 10023 10028 10029 10040 10053 10054 10056 10057 10058 10059 10060 10100 10101 10102 10106 10108 10114 10120 10124 10125 10133 10134 10136 10137 10138 10139 10180 10181 10183 10186 10194 10200 10204 10205 10216 10218 10219 10260 10261 10263 10266 10270 10271 10274 10293 10294 10296 10297 10298 10299 10340 10341 10343 10350 10351 10359 10366 10371 10373 10374 10376 10377 10379 10420 10421 10423 10430 10439 10446 10451 10454 10458 10500 10503 10510 10511 10512 10519 10524 10525 10526 10531 10534 10538 10580 10581 10583 10586 10587 10591 10592 10604 10605 10614 10615 10616 10618 10660 10661 10664 10666 10667 10668 10679 10695 10696 10697 10740 10741 10744 10748 10759 10768 10769 10774 10777 10778 10779 10820 10821 10822 10824 10825 10826 10828 10839 10848 10849 10854 10857 10858 10859 10900 10901 10902 10903 10905 10906 10920 10928 10933 10934 10936 10937 10938 10939 10940 10979 10980 10981 10982 10983 10990 10991 11000 11008 11013 11014 11015 11016 11017 11018 11019 11020 11059 11060 11061 11062 11063 11065 11070 11071 11079 11080 11090 11093 11094 11095 11096 11097 11098 11099 11100 11139 11140 11141 11142 11143 11144 11145 11151 11159 11170 11172 11173 11176 11177 11178 11179 11180 11219 11220 11221 11222 11223 11224 11225 11239 11250 11252 11253 11256 11257 11258 11259 11260 11299 11300 11301 11302 11336 11338 11339 14419 14420 14421 14422 14423 14424 14425 14452 14453 14456 14457 14458 14459 14460 14499 14500 14501 14502 14503 14504 14505 14507 14508 14509 14512 14513 14515 14516 14517 14519 14520 14524 14525 14526 14527 14528 14532 14533 14534 14536 14537 14538 14539 14540 14541 14579 14580 14581 14582 14583 14584 14585 14587 14588 14592 14593 14599 14600 14607 14608 14613 14614 14615 14616 14617 14618 14619 14620 14621 14659 14660 14661 14662 14663 14664 14665 14666 14667 14670 14671 14672 14673 14674 14687 14688 14689 14692 14693 14695 14696 14697 14698 14699 14700 14701 14739 14740 14741 14742 14743 14744 14745 14746 14747 14750 14751 14762 14763 14772 14773 14775 14776 14777 14778 14779 14780 14781 14819 14820 14821 14822 14824 14825 14826 14827 14842 14843 14850 14851 14852 14853 14854 14857 14858 14859 14860 14900 14901 14902 14903 14904 14905 14910 14911 14912 14914 14915 14917 14918 14919 14928 14929 14933 14934 14937 14938 14939 14940 14980 14981 14982 14983 14984 14985 14986 14987 14989 14990 14994 14995 15000 15001 15004 15005 15006 15008 15009 15011 15012 15013 15014 15015 15016 15017 15018 15019 15020 15060 15061 15066 15067 15069 15070 15080 15081 15093 15094 15096 15097 15098 15099 15100 15139 15140 15141 15142 15143 15144 15146 15147 15149 15150 15151 15164 15165 15169 15170 15173 15174 15178 15179 15180 15220 15221 15222 15223 15224 15225 15226 15227 15229 15230 15234 15235 15236 15237 15242 15243 15244 15245 15248 15249 15250 15252 15253 15254 15256 15257 15258 15259 15260 15300 15301 15302 15309 15310 15314 15315 15319 15320 15333 15334 15336 15337 15338 15339 15340 15382 15383 15384 15385 15388 15389 15390 15391 15392 15399 15400 15410 15411 15413 15414 15418 15419 15420 15421 15459 15460 15461 15462 15464 15465 15466 15467 15471 15472 15473 15485 15486 15487 15488 15489 15490 15491 15494 15495 15496 15497 15498 15499 15500 15540 15541 15542 15543 15544 15546 15547 15554 15555 15556 15557 15558 15560 15561 15562 15563 15564 15565 15566 15572 15573 15574 15575 15577 15578 15579 15580 15620 15621 15622 15623 15624 15625 15626 15627 15628 15629 15634 15635 15640 15641 15650 15651 15654 15655 15656 15657 15658 15659 15660 15661 15699 15700 15701 15702 15703 15704 15705 15706 15708 15709 15711 15712 15713 15725 15726 15728 15729 15730 15731 15732 15733 15734 15735 15736 15737 15738 15739 15740 15779 15780 15781 15782 15783 15784 15785 15786 15787 15791 15792 15795 15796 15797 15798 15800 15801 15802 15805 15806 15807 15812 15813 15814 15815 15816 15817 15818 15819 15820 15821 15859 15860 15861 15862 15863 15864 15865 15866 15867 15868 15873 15874 15877 15878 15882 15883 15888 15889 15892 15893 15894 15895 15896 15897 15898 15899 15900 15901 15939 15940 15941 15942 15943 15944 15945 15946 15947 15948 15949 15950 15951 15953 15954 15955 15956 15960 15961 15962 15963 15964 15965 15966 15968 15969 15970 15971 15972 15973 15974 15975 15976 15977 15978 15979 15980 15981 16019 16020 16021 16022 16023 16024 16025 16026 16027 16028 16029 16030 16031 16032 16033 16034 16035 16036 16037 16038 16040 16041 16042 16043 16044 16045 16046 16048 16049 16050 16051 16052 16053 16054 16055 16056 16057 16058 16059 16060 16061 16099 16100 16101 16102 16103 16104 16105 16107 16108 16112 16113 16117 16118 16123 16124 16128 16129 16132 16133 16135 16136 16137 16138 16139 16140 16141 16625 16626 16633 16634 16641 16642 16644 16645 16647 16648 16649 16651 16652 16654 16655 16657 16658 16659 16661 16662 16664 16665 16666 16667 16668 16670 16671 16673 16674 16675 16676 16677 16680 16681 16683 16684 16685 16686 16687 16690 16691 16692 16693 16694 16697 16698 16700 16701 16703 16704 16705 16706 16707 16709 16710 16712 16713 16714 16715 16716 16718 16719 16720 16721 16722 16723 16724 16725 16726 16727 16728 16729 16730 16731 16732 16733 16734 16735 16736 16737 16738 16739 16740 16741 16742 16743 16744 16745 16746 16747 16748 16749 16750 16751 16752 16753 16754 16755 16756 16757 16758 16759 16760 16761 16762 16763 16764 16765 16766 16767 16768 16769 16770 16771 16772 16773 16774 16775 16776 16777 16778 16779 16780 16781 16782 16783 16784 16785 16786 16787 16788 16789 16790 16791 16792 16793 16794 16795 16796 16797 16798 16799 16800 16801 16803 16804 16806 16807 16810 16811 16813 16814 16816 16817 16819 16820 16823 16824 16826 16827 16829 16830 16832 16833 16835 16836 16838 16839 16842 16843 16845 16846 16848 16849 16851 16852 16854 16855 16857 16858 16860 16861 16864 16865 16867 16868 16870 16871 16874 16875 16877 16878 22419 22420 22421 22422 22423 22424 22426 22427 22455 22456 22457 22458 22459 22460 22461 22499 22500 22501 22502 22503 22504 22505 22506 22507 22511 22512 22513 22514 22515 22519 22520 22523 22524 22525 22526 22527 22532 22533 22534 22535 22536 22537 22538 22539 22540 22541 22579 22580 22581 22582 22583 22584 22585 22586 22587 22591 22592 22599 22600 22606 22607 22612 22613 22615 22616 22617 22618 22619 22620 22621 22659 22660 22661 22662 22663 22664 22675 22676 22690 22691 22694 22695 22696 22697 22698 22699 22700 22701 22739 22740 22741 22742 22743 22744 22745 22755 22756 22770 22771 22774 22775 22776 22777 22778 22779 22780 22781 22820 22821 22822 22823 22824 22828 22829 22830 22856 22857 22858 22859 22860 22861 22901 22902 22903 22908 22909 22920 22921 22933 22934 22935 22936 22937 22938 22939 22940 22980 22981 22982 22986 22987 22994 22995 23000 23001 23004 23005 23006 23016 23017 23018 23019 23020 23060 23061 23062 23063 23064 23066 23067 23074 23075 23098 23099 23100 23143 23144 23150 23151 23152 23173 23174 23175 23176 23177 23178 23179 23180 23220 23221 23222 23230 23231 23239 23240 23246 23247 23251 23252 23300 23301 23303 23304 23310 23311 23319 23320 23326 23327 23331 23332 23334 23335 23338 23339 23383 23384 23391 23392 23393 23404 23405 23406 23414 23415 23418 23419 23460 23461 23462 23466 23467 23468 23495 23496 23497 23540 23541 23544 23545 23548 23549 23559 23560 23577 23578 23621 23622 23624 23625 23628 23629 23639 23640 23648 23649 23650 23654 23655 23657 23658 23659 23660 23700 23701 23702 23703 23705 23706 23707 23728 23729 23734 23735 23737 23738 23739 23740 23780 23781 23782 23783 23784 23800 23801 23808 23809 23813 23814 23816 23817 23818 23819 23820 23821 23859 23860 23861 23862 23863 23864 23870 23871 23872 23880 23881 23893 23894 23895 23896 23897 23898 23899 23900 23901 23939 23940 23941 23942 23943 23944 23945 23946 23951 23952 23959 23960 23970 23971 23976 23977 23978 23979 23980 23981 24019 24020 24021 24022 24023 24024 24025 24026 24039 24040 24050 24051 24052 24053 24054 24056 24057 24058 24059 24060 24061 24099 24100 24101 24102 24103 24136 24137 24138 24139 24140 

-1.341442e-06 -4.975824e-08 9.489779e-09 -2.231943e-08 7.588821e-09 9.675466e-09 -3.920256e-08 3.108732e-08 -7.517116e-07 -7.178035e-08 -6.737196e-08 4.331327e-08 -3.775524e-08 1.497669e-07 -3.764078e-08 -1.302333e-07 -4.133225e-08 1.076655e-07 4.164165e-08 3.953212e-08 -3.046366e-08 -2.791807e-08 2.355105e-08 -1.011161e-08 1.584204e-08 3.824917e-08 -1.672655e-08 -3.455935e-08 3.789845e-11 4.742658e-09 -1.643535e-09 4.679679e-09 -2.346154e-08 7.844331e-08 -9.597718e-09 -7.552912e-08 1.418842e-08 2.663636e-08 3.037366e-08 5.605363e-08 3.712215e-09 1.258195e-09 7.122034e-09 -1.985832e-10 1.832236e-09 1.014557e-08 -2.646529e-08 -8.389282e-09 -2.787869e-08 8.069843e-09 
-4.975824e-08 -2.875462e-06 2.491167e-07 -6.866468e-09 -3.863519e-08 -1.067377e-08 -1.409188e-09 -1.886315e-08 2.568610e-07 -1.213622e-10 3.501232e-08 -5.424122e-09 -1.892691e-08 -6.531180e-08 8.001605e-09 3.192615e-08 5.532655e-09 -4.852144e-08 1.421163e-07 -1.270032e-07 -1.509295e-07 -1.117535e-07 -8.904516e-08 -1.617563e-08 -3.809823e-09 3.154564e-08 2.509276e-08 1.747283e-08 -5.864205e-09 3.810040e-09 1.074482e-09 1.552949e-10 3.895415e-09 -6.203596e-08 4.135097e-09 4.553613e-08 -6.664885e-09 -4.926311e-08 -7.084698e-08 2.035147e-08 1.502441e-07 6.415120e-08 -4.929423e-07 1.451370e-07 -4.744157e-08 4.478029e-08 9.020018e-08 -4.879646e-08 4.486248e-09 -1.274416e-08 
9.489779e-09 2.491167e-07 -1.440237e-06 4.159470e-09 -1.402346e-07 -1.109430e-08 -7.653546e-08 -7.777649e-08 -4.142560e-08 3.971766e-09 -3.657670e-08 2.962352e-08 -9.551482e-09 -4.686591e-08 1.105272e-07 -3.998763e-08 -2.068595e-08 -1.660837e-07 8.351856e-07 -7.670855e-07 -8.910036e-07 -7.668827e-07 -1.519681e-07 -9.613529e-08 2.015657e-08 1.763374e-07 1.136115e-07 8.976944e-08 -2.625111e-08 -1.608200e-08 -1.052221e-07 -3.143396e-09 2.311357e-08 1.187282e-08 -2.649201e-08 -5.325720e-09 -1.578961e-08 2.773469e-08 5.882616e-09 7.836268e-09 2.462692e-08 -3.969103e-09 5.106524e-08 -1.899793e-07 -2.339809e-07 4.183072e-08 3.842240e-08 -2.645916e-08 -3.356269e-08 -5.476833e-09 
-2.231943e-08 -6.866468e-09 4.159470e-09 -7.712629e-07 1.932359e-07 8.195707e-09 -9.376623e-08 -1.148611e-06 8.582166e-09 -2.009079e-07 -9.520256e-08 1.476842e-08 6.566158e-08 3.676707e-08 -1.326418e-07 1.932709e-08 1.772430e-08 -7.813863e-09 -3.387333e-08 -3.042022e-08 7.225602e-08 3.717878e-08 4.176049e-08 9.862538e-09 -2.813192e-09 -9.264114e-09 -4.201476e-08 -1.045680e-08 -7.493256e-09 -1.738040e-07 -1.613503e-07 1.591038e-08 9.062429e-08 1.756476e-07 -2.060111e-07 2.440827e-07 1.567940e-07 1.164567e-07 -8.855730e-08 4.244850e-08 2.764798e-08 -9.944464e-09 -2.313608e-08 6.191953e-09 8.606756e-09 1.274084e-08 1.390840e-08 -8.565359e-09 -6.089924e-09 2.504398e-09 
7.588821e-09 -3.863519e-08 -1.402346e-07 1.932359e-07 -2.161838e-06 2.812496e-08 1.561487e-07 6.631063e-08 -6.339450e-08 9.496408e-08 -5.208062e-08 -7.249412e-08 1.330662e-07 -5.312039e-08 1.620650e-08 1.765515e-08 8.126831e-09 3.789136e-08 -8.831787e-08 9.858929e-08 7.595000e-08 4.563403e-08 -1.173758e-08 3.495871e-09 -2.539588e-08 -3.929486e-08 -1.085892e-07 -6.939512e-08 4.797249e-08 1.445295e-07 -1.134318e-06 -2.614614e-08 2.247405e-07 -1.993335e-07 -4.702363e-07 -3.697577e-07 -1.444934e-07 -4.933866e-08 -1.162547e-07 -1.341347e-07 1.077553e-07 1.325250e-08 4.944077e-09 -1.134511e-07 -1.147973e-07 1.014380e-08 3.673897e-09 -8.031604e-09 -9.467048e-09 -1.113953e-08 
9.675466e-09 -1.067377e-08 -1.109430e-08 8.195707e-09 2.812496e-08 -2.698031e-06 5.955040e-08 -1.363033e-07 -5.441807e-08 -4.723824e-08 2.248509e-08 -8.911979e-09 -1.412279e-08 -3.046825e-08 -4.107647e-08 -4.558868e-10 2.615548e-08 -5.663983e-08 -2.897610e-08 -6.832523e-08 3.314143e-08 1.588914e-08 8.001526e-08 -1.621990e-09 -4.192454e-09 4.558323e-09 -6.208095e-08 3.288086e-09 2.467686e-08 -5.009121e-07 -6.273649e-08 -1.111162e-07 -1.155142e-07 -2.171073e-07 3.283512e-07 -3.973629e-07 -2.169032e-07 -1.443705e-07 1.418815e-07 -1.275636e-07 2.934351e-08 6.385551e-08 -8.753205e-08 3.479729e-08 -2.756333e-08 2.296746e-09 3.157980e-08 4.286380e-09 1.611909e-08 -1.536423e-08 
-3.920256e-08 -1.409188e-09 -7.653546e-08 -9.376623e-08 1.561487e-07 5.955040e-08 -2.317674e-06 6.782032e-08 1.449935e-07 -3.336751e-08 3.723666e-08 3.820376e-08 -4.948918e-08 6.064331e-08 2.210990e-08 -4.076715e-08 -1.634010e-08 1.575056e-08 -3.247037e-08 3.493135e-08 1.999924e-08 3.459965e-08 2.875011e-09 6.260176e-09 -7.414723e-09 -1.227823e-08 -5.678062e-08 -5.594822e-08 4.141916e-08 5.417767e-08 -8.151044e-07 7.454382e-08 -8.299714e-08 5.857529e-08 8.506364e-07 1.992586e-07 2.430912e-07 7.035586e-08 1.365360e-07 8.947867e-08 -1.574962e-07 -1.379703e-08 -7.361285e-08 -1.024805e-07 -6.245662e-08 2.597521e-08 1.994427e-08 -1.636789e-08 -1.331999e-08 -3.314930e-09 
3.108732e-08 -1.886315e-08 -7.777649e-08 -1.148611e-06 6.631063e-08 -1.363033e-07 6.782032e-08 -1.889792e-06 -4.345468e-08 1.169755e-08 1.249034e-07 -3.598969e-08 -1.184256e-07 -7.213036e-08 -1.007610e-08 -8.406235e-08 1.739313e-08 -3.962001e-08 -4.792766e-08 -3.897092e-08 3.390458e-08 4.222303e-08 6.177208e-08 -4.275600e-09 -9.955982e-09 -5.198470e-09 -5.853578e-08 -7.563030e-09 -3.018921e-09 -2.895221e-07 -3.028093e-07 6.124711e-09 1.686821e-07 2.385828e-07 -4.228607e-07 3.127094e-07 2.012489e-07 1.607714e-07 -1.625790e-07 4.599382e-08 5.599108e-08 5.851749e-08 -3.031208e-08 -5.044286e-09 -2.232705e-10 1.874645e-08 2.443514e-08 -1.701989e-08 -1.393443e-08 3.729845e-09 
-7.517116e-07 2.568610e-07 -4.142560e-08 8.582166e-09 -6.339450e-08 -5.441807e-08 1.449935e-07 -4.345468e-08 -2.428109e-07 5.132415e-08 1.919601e-07 -7.992888e-10 -6.742120e-08 -8.880378e-08 1.445704e-07 -6.491903e-08 -3.936474e-08 5.148476e-08 1.742687e-08 1.859479e-08 -1.958785e-08 1.922986e-08 4.898485e-08 -7.478196e-09 1.080639e-08 1.312459e-08 -2.651295e-09 -6.159336e-09 -5.704962e-10 -1.857565e-08 1.770084e-08 -8.058713e-09 3.912157e-09 -3.050668e-09 -7.065881e-08 -4.575026e-08 -1.915692e-08 -7.150074e-09 -2.568933e-09 1.801399e-08 4.833253e-09 -1.345771e-08 9.637228e-09 -3.068160e-09 6.492870e-09 5.175970e-10 -1.925355e-08 -1.381383e-08 -2.429953e-08 1.451626e-08 
-7.178035e-08 -1.213622e-10 3.971766e-09 -2.009079e-07 9.496408e-08 -4.723824e-08 -3.336751e-08 1.169755e-08 5.132415e-08 -1.836985e-06 -3.981084e-07 -1.307589e-07 7.760028e-07 -4.768930e-08 5.892435e-07 4.372895e-07 4.418975e-09 6.070253e-09 -1.846618e-08 1.929343e-07 -2.373519e-08 -1.675481e-07 5.017658e-08 6.675441e-09 4.328464e-08 -2.326600e-08 5.584805e-09 -1.837968e-08 5.972474e-08 -6.025763e-08 1.025275e-08 -4.309085e-08 3.342687e-08 4.171216e-08 -1.042361e-07 2.003812e-08 -5.764018e-08 -1.835621e-08 8.486562e-08 -1.593394e-08 -2.927922e-07 -4.924707e-07 -1.877331e-07 -6.774124e-08 1.117327e-08 1.467895e-08 -8.602848e-09 -9.566021e-09 -6.451148e-09 -2.613746e-08 
-6.737196e-08 3.501232e-08 -3.657670e-08 -9.520256e-08 -5.208062e-08 2.248509e-08 3.723666e-08 1.249034e-07 1.919601e-07 -3.981084e-07 -2.083317e-06 -8.411137e-09 -3.797303e-07 -2.846770e-07 -4.980929e-07 -2.804277e-08 5.159595e-08 -6.776738e-08 -8.498763e-10 -1.325911e-07 4.286453e-08 1.011279e-07 -3.350636e-08 -5.382353e-10 -3.371130e-08 2.606573e-08 -2.788234e-09 4.234104e-09 -2.955669e-08 1.509536e-08 -2.443595e-08 2.889265e-08 4.915227e-08 4.146567e-11 -9.755246e-08 -1.581633e-08 -6.257785e-08 -9.847460e-08 -2.927392e-08 1.136491e-07 -4.938766e-07 4.836492e-07 -1.140657e-07 -1.630787e-07 4.468220e-08 3.867111e-08 2.573017e-08 4.932680e-08 5.313957e-08 -3.871920e-08 
4.331327e-08 -5.424122e-09 2.962352e-08 1.476842e-08 -7.249412e-08 -8.911979e-09 3.820376e-08 -3.598969e-08 -7.992888e-10 -1.307589e-07 -8.411137e-09 -1.816270e-06 -5.792598e-07 7.283609e-07 2.686121e-07 4.271065e-07 -1.969902e-07 -6.730795e-08 1.470923e-08 6.923499e-08 -6.327050e-08 -5.865186e-09 3.522870e-08 7.584051e-10 9.410873e-10 -6.496474e-09 -2.410351e-09 -8.571807e-09 1.327136e-08 2.418463e-09 -1.266460e-08 -3.274594e-09 3.722316e-08 1.103439e-09 -7.645973e-08 -2.151129e-08 -5.818754e-08 -6.784650e-08 7.764449e-09 4.627850e-08 -3.299925e-07 1.681194e-07 -1.037242e-07 -1.052145e-07 2.957806e-08 2.406426e-09 5.071428e-09 2.045763e-09 4.899767e-08 7.424505e-08 
-3.775524e-08 -1.892691e-08 -9.551482e-09 6.566158e-08 1.330662e-07 -1.412279e-08 -4.948918e-08 -1.184256e-07 -6.742120e-08 7.760028e-07 -3.797303e-07 -5.792598e-07 -1.208964e-06 -2.775315e-07 3.230062e-07 -2.971423e-07 1.940427e-07 -7.087773e-09 -8.594970e-08 3.609041e-08 4.224404e-08 -1.085146e-07 -5.451115e-08 1.555996e-10 2.294941e-08 7.380637e-09 3.544514e-08 1.546140e-09 2.631051e-08 -6.199676e-09 6.456279e-08 3.975815e-09 1.272366e-08 1.864259e-08 1.760938e-08 2.250089e-08 -2.162847e-08 -8.024583e-08 -2.976366e-08 1.254918e-07 -4.211577e-07 5.810545e-07 -8.234590e-08 -1.271841e-07 5.491096e-08 1.547347e-08 1.535009e-08 4.755781e-08 1.057344e-08 -4.331026e-08 
1.497669e-07 -6.531180e-08 -4.686591e-08 3.676707e-08 -5.312039e-08 -3.046825e-08 6.064331e-08 -7.213036e-08 -8.880378e-08 -4.768930e-08 -2.846770e-07 7.283609e-07 -2.775315e-07 -1.024189e-06 7.313852e-07 -4.494007e-07 -1.790585e-07 -8.476413e-08 -9.617143e-08 6.473014e-08 -1.534317e-08 6.469966e-08 -1.971046e-08 -1.078497e-08 8.628476e-09 2.462599e-08 2.478254e-08 1.897442e-08 7.533140e-09 -1.204385e-08 -3.052170e-09 -5.698294e-09 3.451449e-08 3.986997e-09 -8.087084e-08 -2.001587e-08 -5.707170e-08 -6.042068e-08 1.122931e-08 3.612349e-08 -3.113241e-07 1.203182e-07 -1.140635e-07 -9.173764e-08 3.159994e-08 1.928385e-08 6.295969e-09 -9.793323e-09 -1.806913e-08 -4.528416e-08 
-3.764078e-08 8.001605e-09 1.105272e-07 -1.326418e-07 1.620650e-08 -4.107647e-08 2.210990e-08 -1.007610e-08 1.445704e-07 5.892435e-07 -4.980929e-07 2.686121e-07 3.230062e-07 7.313852e-07 -1.701192e-06 3.209621e-08 -1.082101e-08 -2.516025e-07 -9.807777e-08 -3.088035e-08 -4.082531e-08 -1.083549e-07 3.447361e-08 3.568298e-09 6.616527e-09 -4.975145e-08 1.001586e-08 -2.266615e-08 3.152623e-08 -4.324539e-09 -2.273707e-08 -1.216831e-08 -3.489155e-08 4.967318e-09 8.073082e-08 2.901599e-08 1.086476e-07 9.545514e-08 -7.930171e-08 -3.206888e-08 5.267064e-07 1.471683e-07 2.144294e-07 1.525198e-07 -4.755892e-08 -1.391007e-08 1.390599e-08 4.442433e-08 3.614167e-08 -8.903861e-09 
-1.302333e-07 3.192615e-08 -3.998763e-08 1.932709e-08 1.765515e-08 -4.558868e-10 -4.076715e-08 -8.406235e-08 -6.491903e-08 4.372895e-07 -2.804277e-08 4.271065e-07 -2.971423e-07 -4.494007e-07 3.209621e-08 -3.903650e-07 -1.033494e-07 -2.649046e-07 2.054759e-08 2.185957e-07 7.177175e-09 -1.139855e-07 1.825705e-08 3.538214e-08 1.196728e-08 1.598572e-09 2.745600e-08 2.989319e-09 4.609265e-08 -4.655152e-09 -1.262106e-08 -2.383051e-08 2.920771e-09 1.028060e-08 2.118119e-08 1.403350e-08 1.721034e-08 -5.120120e-09 -1.942770e-08 3.414060e-08 -2.509518e-08 1.732872e-07 9.118976e-09 -9.206418e-09 4.634314e-09 9.880007e-09 9.969275e-10 3.007717e-09 4.975652e-08 3.569543e-09 
-4.133225e-08 5.532655e-09 -2.068595e-08 1.772430e-08 8.126831e-09 2.615548e-08 -1.634010e-08 1.739313e-08 -3.936474e-08 4.418975e-09 5.159595e-08 -1.969902e-07 1.940427e-07 -1.790585e-07 -1.082101e-08 -1.033494e-07 -2.265966e-06 -4.727080e-07 -2.045445e-07 -3.531121e-07 1.325033e-07 1.357945e-07 -8.579690e-08 8.909482e-09 -5.386660e-08 2.168881e-08 3.526133e-08 2.204877e-09 -1.818412e-08 4.048863e-09 1.361171e-08 2.052723e-08 4.234733e-09 6.679533e-10 1.597662e-08 9.403047e-09 -3.890392e-09 -2.380201e-08 3.180535e-08 -4.893308e-09 -8.217739e-09 -3.365793e-08 -3.018854e-08 -3.062389e-09 1.631044e-08 -5.155412e-09 2.005500e-09 -1.031290e-07 -6.808608e-08 1.297038e-07 
1.076655e-07 -4.852144e-08 -1.660837e-07 -7.813863e-09 3.789136e-08 -5.663983e-08 1.575056e-08 -3.962001e-08 5.148476e-08 6.070253e-09 -6.776738e-08 -6.730795e-08 -7.087773e-09 -8.476413e-08 -2.516025e-07 -2.649046e-07 -4.727080e-07 -9.858959e-07 4.755273e-07 9.662308e-07 -2.525857e-07 -2.159164e-07 5.678174e-08 -2.440939e-08 1.318192e-07 -1.469986e-08 -4.857504e-08 5.385227e-08 1.394232e-08 -2.137716e-08 1.174313e-08 -2.374828e-08 1.475230e-08 2.033497e-08 9.597935e-10 1.475190e-09 9.442189e-10 2.765719e-09 6.515307e-09 3.169141e-09 5.395230e-09 2.520388e-08 5.776094e-08 -6.473418e-09 -1.596512e-08 2.048164e-08 -9.429623e-09 -2.773736e-08 3.152213e-07 1.827893e-07 
4.164165e-08 1.421163e-07 8.351856e-07 -3.387333e-08 -8.831787e-08 -2.897610e-08 -3.247037e-08 -4.792766e-08 1.742687e-08 -1.846618e-08 -8.498763e-10 1.470923e-08 -8.594970e-08 -9.617143e-08 -9.807777e-08 2.054759e-08 -2.045445e-07 4.755273e-07 -1.858913e-06 1.049853e-07 -5.054262e-07 -3.486536e-07 -2.295440e-07 -3.187533e-08 2.022258e-09 -1.087286e-07 -5.491482e-08 -3.605028e-08 1.386580e-08 -2.150089e-08 -1.044862e-08 -1.054735e-08 4.344411e-09 -3.233059e-09 3.901609e-09 -2.687999e-09 6.521451e-09 -6.265807e-09 1.448994e-09 8.198962e-10 -6.057400e-08 2.662429e-08 2.783585e-08 -1.427383e-08 3.832748e-08 -5.399217e-08 1.982190e-09 1.562928e-07 -5.189716e-07 -4.656557e-07 
3.953212e-08 -1.270032e-07 -7.670855e-07 -3.042022e-08 9.858929e-08 -6.832523e-08 3.493135e-08 -3.897092e-08 1.859479e-08 1.929343e-07 -1.325911e-07 6.923499e-08 3.609041e-08 6.473014e-08 -3.088035e-08 2.185957e-07 -3.531121e-07 9.662308e-07 1.049853e-07 -1.421853e-06 7.259372e-08 1.851232e-07 -4.712458e-07 -9.350248e-09 7.564424e-08 1.122609e-07 -6.372564e-09 3.678791e-08 2.154732e-08 7.298557e-09 3.650889e-08 -1.959595e-08 -9.937057e-09 1.116430e-08 1.740986e-08 1.147339e-08 7.860935e-09 1.119732e-08 1.370459e-08 -5.903181e-09 2.444049e-08 5.086942e-08 7.295991e-08 -3.332586e-08 -5.157222e-09 -1.817482e-08 4.199346e-09 -1.710587e-08 -2.954767e-07 -7.959606e-08 
-3.046366e-08 -1.509295e-07 -8.910036e-07 7.225602e-08 7.595000e-08 3.314143e-08 1.999924e-08 3.390458e-08 -1.958785e-08 -2.373519e-08 4.286453e-08 -6.327050e-08 4.224404e-08 -1.534317e-08 -4.082531e-08 7.177175e-09 1.325033e-07 -2.525857e-07 -5.054262e-07 7.259372e-08 -1.988074e-06 3.601666e-07 2.623115e-07 3.534320e-08 3.093115e-08 1.324495e-07 8.855278e-08 1.132674e-07 -2.823478e-08 -8.775709e-09 4.125355e-08 6.702199e-09 2.740428e-09 -9.822570e-10 -5.615381e-09 4.971861e-09 -5.353030e-09 -7.239737e-09 5.788201e-09 -2.043669e-09 2.460837e-08 -2.902576e-08 -2.012630e-08 -4.664973e-09 -2.229746e-08 -1.059579e-08 1.740564e-08 2.540590e-08 -1.462902e-07 -1.274694e-07 
-2.791807e-08 -1.117535e-07 -7.668827e-07 3.717878e-08 4.563403e-08 1.588914e-08 3.459965e-08 4.222303e-08 1.922986e-08 -1.675481e-07 1.011279e-07 -5.865186e-09 -1.085146e-07 6.469966e-08 -1.083549e-07 -1.139855e-07 1.357945e-07 -2.159164e-07 -3.486536e-07 1.851232e-07 3.601666e-07 -2.091705e-06 -3.634651e-07 3.362472e-08 -7.188461e-08 -5.740930e-08 -2.577409e-08 -2.596673e-08 -8.477565e-09 -3.558247e-08 5.262209e-08 -4.543145e-09 -1.335325e-08 1.852920e-09 1.632872e-08 8.853968e-10 -5.807494e-10 1.364858e-08 -9.124216e-09 7.658974e-09 1.563976e-08 -2.969204e-08 2.193039e-08 -3.376904e-09 -3.493500e-08 -2.104064e-08 -3.979410e-09 1.632033e-07 -1.579900e-07 -3.113633e-07 
2.355105e-08 -8.904516e-08 -1.519681e-07 4.176049e-08 -1.173758e-08 8.001526e-08 2.875011e-09 6.177208e-08 4.898485e-08 5.017658e-08 -3.350636e-08 3.522870e-08 -5.451115e-08 -1.971046e-08 3.447361e-08 1.825705e-08 -8.579690e-08 5.678174e-08 -2.295440e-07 -4.712458e-07 2.623115e-07 -3.634651e-07 2.610430e-08 3.620063e-08 1.985243e-07 -5.691741e-08 -1.281330e-08 8.527627e-11 4.773322e-09 2.888854e-08 1.209166e-08 1.743353e-08 -3.923500e-09 -2.532668e-08 7.531191e-09 1.879449e-08 -5.316341e-09 -2.013429e-08 -2.149117e-08 9.615146e-09 1.231038e-08 4.368872e-08 -9.491723e-08 2.229326e-08 -2.589552e-09 -6.230188e-09 1.987900e-08 2.275432e-08 -1.243446e-07 -9.924751e-08 
